-33.86|151.21|39|2016|7|1|15|10|6|76|59|38|1031|1029|1028|Sunny
-33.86|151.21|39|2016|7|2|17|11|4|87|65|35|1029|1026|1023|Sunny
-33.86|151.21|39|2016|7|3|17|11|5|93|70|46|1023|1018|1013|Rain
-33.86|151.21|39|2016|7|4|23|16|9|94|54|16|1014|1012|1009|Sunny
-33.86|151.21|39|2016|7|5|21|17|12|58|43|21|1015|1013|1009|Sunny
-33.86|151.21|39|2016|7|6|19|13|8|71|53|26|1017|1015|1014|Sunny
-33.86|151.21|39|2016|7|7|20|13|6|81|52|17|1015|1012|1009|Sunny
-33.86|151.21|39|2016|7|8|19|12|6|71|51|26|1018|1015|1013|Sunny
-33.86|151.21|39|2016|7|9|18|12|6|81|53|24|1023|1020|1018|Sunny
-33.86|151.21|39|2016|7|10|17|11|6|76|54|27|1028|1025|1022|Sunny
-33.86|151.21|39|2016|7|11|16|11|7|88|64|43|1033|1030|1027|Rain
-33.86|151.21|39|2016|7|12|14|11|7|100|86|68|1034|1032|1030|Rain
-33.86|151.21|39|2016|7|13|18|12|7|100|74|46|1030|1026|1021|Sunny
-33.86|151.21|39|2016|7|14|21|13|7|87|64|30|1022|1017|1014|Rain
-33.86|151.21|39|2016|7|15|18|14|11|77|54|31|1021|1018|1015|Rain
-33.86|151.21|39|2016|7|16|19|13|8|67|49|22|1024|1021|1020|Sunny
-33.86|151.21|39|2016|7|17|20|16|12|94|80|51|1031|1029|1026|Rain
-33.86|151.21|39|2016|7|18|25|17|9|100|68|28|1026|1022|1019|Snow
-33.86|151.21|39|2016|7|19|25|19|14|94|67|34|1022|1020|1018|Rain
-33.86|151.21|39|2016|7|20|18|17|15|100|94|78|1021|1019|1017|Rain
-33.86|151.21|39|2016|7|21|17|16|14|100|89|78|1020|1017|1014|Rain
-33.86|151.21|39|2016|7|22|27|19|12|100|63|30|1014|1004|996|Rain
-33.86|151.21|39|2016|7|23|18|14|11|95|38|13|1013|1004|997|Rain
-33.86|151.21|39|2016|7|24|15|11|7|58|39|18|1016|1013|1011|Sunny
-33.86|151.21|39|2016|7|25|19|13|7|76|41|13|1013|1012|1010|Sunny
-33.86|151.21|39|2016|7|26|18|13|9|58|42|20|1015|1013|1011|Sunny
-33.86|151.21|39|2016|7|27|19|14|11|58|40|18|1020|1014|1011|Sunny
-33.86|151.21|39|2016|7|28|20|14|8|71|45|17|1024|1022|1020|Sunny
-33.86|151.21|39|2016|7|29|19|13|7|66|46|15|1023|1021|1017|Sunny
-33.86|151.21|39|2016|7|30|17|12|8|77|59|34|1023|1021|1019|Sunny
-33.86|151.21|39|2016|7|31|21|16|11|88|58|22|1019|1017|1015|Sunny
-33.86|151.21|39|2016|8|1|19|14|9|88|66|37|1018|1015|1012|Rain
-33.86|151.21|39|2016|8|2|15|13|11|94|81|57|1017|1014|1010|Rain
-33.86|151.21|39|2016|8|3|15|12|10|96|80|41|1021|1018|1015|Rain
-33.86|151.21|39|2016|8|4|16|13|11|94|65|26|1028|1024|1020|Rain
-33.86|151.21|39|2016|8|5|15|12|10|95|87|36|1031|1029|1028|Rain
-33.86|151.21|39|2016|8|6|16|12|9|94|77|53|1029|1027|1026|Rain
-33.86|151.21|39|2016|8|7|16|13|10|88|72|50|1027|1026|1024|Sunny
-33.86|151.21|39|2016|8|8|18|13|8|94|66|35|1026|1024|1022|Sunny
-33.86|151.21|39|2016|8|9|20|14|8|87|61|31|1023|1020|1016|Sunny
-33.86|151.21|39|2016|8|10|26|20|14|59|40|18|1016|1013|1010|Sunny
-33.86|151.21|39|2016|8|11|20|16|10|67|37|15|1022|1017|1013|Sunny
-33.86|151.21|39|2016|8|12|19|13|7|66|40|11|1024|1021|1019|Sunny
-33.86|151.21|39|2016|8|13|20|14|8|66|41|18|1023|1021|1019|Sunny
-33.86|151.21|39|2016|8|14|18|13|9|77|53|31|1030|1026|1022|Sunny
-33.86|151.21|39|2016|8|15|21|14|9|82|60|33|1033|1030|1029|Sunny
-33.86|151.21|39|2016|8|16|21|16|9|94|66|33|1031|1028|1025|Sunny
-33.86|151.21|39|2016|8|17|24|17|11|88|53|17|1026|1024|1021|Sunny
-33.86|151.21|39|2016|8|18|23|17|11|77|53|18|1024|1022|1020|Sunny
-33.86|151.21|39|2016|8|19|24|17|11|82|46|14|1021|1016|1010|Sunny
-33.86|151.21|39|2016|8|20|18|14|10|82|52|22|1018|1014|1011|Rain
-33.86|151.21|39|2016|8|21|20|14|8|72|43|18|1020|1018|1016|Sunny
-33.86|151.21|39|2016|8|22|16|12|9|94|67|37|1017|1015|1012|Rain
-33.86|151.21|39|2016|8|23|16|12|8|94|73|43|1017|1014|1011|Rain
-33.86|151.21|39|2016|8|24|14|12|9|100|89|64|1016|1010|1005|Rain
-33.86|151.21|39|2016|8|25|16|12|9|94|64|31|1015|1010|1007|Rain
-33.86|151.21|39|2016|8|26|15|11|7|88|63|41|1022|1018|1015|Rain
-33.86|151.21|39|2016|8|27|20|13|7|94|53|12|1023|1021|1019|Rain
-33.86|151.21|39|2016|8|28|19|13|8|66|46|18|1024|1022|1020|Sunny
-33.86|151.21|39|2016|8|29|20|14|8|76|52|20|1027|1025|1023|Sunny
-33.86|151.21|39|2016|8|30|21|16|11|78|64|40|1027|1024|1021|Sunny
-33.86|151.21|39|2016|8|31|24|19|15|88|62|30|1022|1017|1013|Sunny
-33.86|151.21|39|2016|9|1|23|17|12|83|59|20|1020|1017|1014|Rain
-33.86|151.21|39|2016|9|2|18|16|14|100|93|80|1014|1008|999|Rain
-33.86|151.21|39|2016|9|3|21|17|13|94|51|25|1015|1002|995|Rain
-33.86|151.21|39|2016|9|4|18|13|9|71|47|21|1027|1021|1015|Sunny
-33.86|151.21|39|2016|9|5|21|14|9|82|54|25|1030|1028|1027|Sunny
-33.86|151.21|39|2016|9|6|22|16|10|94|67|30|1030|1028|1026|Sunny
-33.86|151.21|39|2016|9|7|21|18|14|100|78|41|1032|1030|1028|Sunny
-33.86|151.21|39|2016|9|8|22|19|15|88|67|44|1030|1026|1023|Sunny
-33.86|151.21|39|2016|9|9|25|20|15|77|61|25|1023|1018|1013|Sunny
-33.86|151.21|39|2016|9|10|22|18|14|94|53|15|1016|1012|1010|Rain
-33.86|151.21|39|2016|9|11|19|16|12|82|58|35|1021|1018|1016|Sunny
-33.86|151.21|39|2016|9|12|21|17|12|88|60|28|1022|1020|1018|Sunny
-33.86|151.21|39|2016|9|13|19|18|16|88|78|63|1022|1019|1017|Rain
-33.86|151.21|39|2016|9|14|25|21|16|100|70|34|1017|1011|1007|Rain
-33.86|151.21|39|2016|9|15|22|18|14|88|37|11|1014|1009|1007|Sunny
-33.86|151.21|39|2016|9|16|22|18|14|72|42|17|1021|1016|1013|Rain
-33.86|151.21|39|2016|9|17|22|17|11|67|47|24|1023|1020|1017|Sunny
-33.86|151.21|39|2016|9|18|17|14|13|100|77|46|1017|1009|1001|Rain
-33.86|151.21|39|2016|9|19|21|17|13|100|57|21|1015|1009|1002|Sunny
-33.86|151.21|39|2016|9|20|21|15|9|71|47|17|1019|1016|1015|Sunny
-33.86|151.21|39|2016|9|21|22|18|14|88|64|30|1016|1010|1006|Rain
-33.86|151.21|39|2016|9|22|19|16|13|88|62|41|1009|1007|1005|Rain
-33.86|151.21|39|2016|9|23|19|17|14|77|59|42|1012|1011|1008|Sunny
-33.86|151.21|39|2016|9|24|21|17|12|82|67|44|1013|1010|1007|Sunny
-33.86|151.21|39|2016|9|25|21|17|14|94|71|38|1011|1007|1004|Rain
-33.86|151.21|39|2016|9|26|19|16|12|88|53|24|1013|1011|1009|Sunny
-33.86|151.21|39|2016|9|27|23|17|11|62|34|8|1013|1010|1005|Sunny
-33.86|151.21|39|2016|9|28|20|14|9|62|45|27|1014|1012|1008|Sunny
-33.86|151.21|39|2016|9|29|23|18|13|88|52|10|1008|999|993|Rain
-33.86|151.21|39|2016|9|30|19|16|13|51|36|21|1002|999|997|Sunny
-33.86|151.21|39|2016|10|1|22|17|12|63|36|17|1011|1005|1001|Sunny
-33.86|151.21|39|2016|10|2|26|19|12|67|42|14|1013|1009|1005|Sunny
-33.86|151.21|39|2016|10|3|26|21|17|46|27|4|1006|1001|997|Rain
-33.86|151.21|39|2016|10|4|24|18|12|55|29|10|1009|1005|1002|Sunny
-33.86|151.21|39|2016|10|5|23|17|11|59|27|4|1017|1014|1008|Sunny
-33.86|151.21|39|2016|10|6|28|21|13|46|27|7|1021|1018|1016|Sunny
-33.86|151.21|39|2016|10|7|31|23|16|59|30|8|1021|1018|1014|Sunny
-33.86|151.21|39|2016|10|8|24|20|16|78|53|18|1023|1017|1013|Sunny
-33.86|151.21|39|2016|10|9|22|18|13|67|47|24|1023|1020|1013|Sunny
-33.86|151.21|39|2016|10|10|34|26|17|64|36|12|1013|1007|1004|Sunny
-33.86|151.21|39|2016|10|11|19|16|13|72|35|12|1017|1013|1010|Rain
-33.86|151.21|39|2016|10|12|22|16|9|58|38|12|1017|1015|1012|Sunny
-33.86|151.21|39|2016|10|13|16|14|12|94|62|34|1025|1021|1016|Rain
-33.86|151.21|39|2016|10|14|20|14|8|71|49|23|1026|1024|1022|Sunny
-33.86|151.21|39|2016|10|15|26|18|11|82|44|7|1024|1019|1015|Sunny
-33.86|151.21|39|2016|10|16|28|22|16|60|36|11|1016|1011|1006|Sunny
-33.86|151.21|39|2016|10|17|24|19|14|82|47|17|1013|1007|1003|Rain
-33.86|151.21|39|2016|10|18|26|18|11|72|35|11|1014|1012|1010|Sunny
-33.86|151.21|39|2016|10|19|23|19|15|59|38|7|1023|1017|1013|Sunny
-33.86|151.21|39|2016|10|20|22|18|14|68|47|28|1024|1022|1020|Rain
-33.86|151.21|39|2016|10|21|27|21|16|77|59|29|1022|1015|1010|Rain
-33.86|151.21|39|2016|10|22|21|17|12|100|75|20|1015|1010|1007|Rain
-33.86|151.21|39|2016|10|23|17|13|10|82|52|30|1020|1017|1014|Rain
-33.86|151.21|39|2016|10|24|18|14|9|72|52|25|1020|1018|1016|Sunny
-33.86|151.21|39|2016|10|25|25|18|11|77|53|20|1019|1016|1013|Sunny
-33.86|151.21|39|2016|10|26|28|21|14|77|43|13|1016|1014|1012|Sunny
-33.86|151.21|39|2016|10|27|21|18|15|94|70|31|1021|1015|1011|Rain
-33.86|151.21|39|2016|10|28|19|17|14|94|68|47|1021|1019|1018|Rain
-33.86|151.21|39|2016|10|29|25|21|16|95|76|40|1020|1018|1016|Rain
-33.86|151.21|39|2016|10|30|26|23|19|83|70|48|1017|1010|1004|Rain
-33.86|151.21|39|2016|10|31|22|19|15|64|34|9|1015|1010|1003|Sunny
-33.86|151.21|39|2016|11|1|22|17|12|59|37|17|1015|1012|1008|Sunny
-33.86|151.21|39|2016|11|2|23|18|13|72|42|15|1017|1014|1012|Sunny
-33.86|151.21|39|2016|11|3|26|20|14|83|57|16|1019|1016|1013|Sunny
-33.86|151.21|39|2016|11|4|31|23|16|94|43|4|1017|1011|1006|Sunny
-33.86|151.21|39|2016|11|5|26|22|18|31|16|4|1010|1005|1000|Sunny
-33.86|151.21|39|2016|11|6|22|18|14|46|28|11|1013|1009|1007|Sunny
-33.86|151.21|39|2016|11|7|30|22|15|59|39|10|1012|1008|1004|Sunny
-33.86|151.21|39|2016|11|8|26|22|18|94|73|20|1012|1008|1005|Rain
-33.86|151.21|39|2016|11|9|20|18|17|94|86|75|1013|1011|1008|cloudy
-33.86|151.21|39|2016|11|10|24|20|16|94|74|47|1011|1009|1006|cloudy
-33.86|151.21|39|2016|11|11|24|21|17|88|71|44|1013|1010|1009|Rain
-33.86|151.21|39|2016|11|12|34|26|18|94|55|8|1009|1001|995|cloudy
-33.86|151.21|39|2016|11|13|30|24|18|64|28|5|1001|998|995|Sunny
-33.86|151.21|39|2016|11|14|22|19|17|82|51|28|1013|1004|998|Rain
-33.86|151.21|39|2016|11|15|21|18|15|82|58|31|1018|1015|1012|Rain
-33.86|151.21|39|2016|11|16|23|18|14|77|58|36|1025|1020|1016|Sunny
-33.86|151.21|39|2016|11|17|24|20|16|82|61|39|1026|1023|1019|Sunny
-33.86|151.21|39|2016|11|18|34|26|17|73|41|13|1020|1015|1012|Sunny
-33.86|151.21|39|2016|11|19|27|23|18|94|70|26|1022|1017|1014|Sunny
-33.86|151.21|39|2016|11|20|27|22|18|78|62|37|1021|1019|1017|Sunny
-33.86|151.21|39|2016|11|21|30|25|20|88|66|36|1020|1016|1014|Sunny
-33.86|151.21|39|2016|11|22|33|27|21|83|55|23|1015|1013|1011|Rain
-33.86|151.21|39|2016|11|23|28|23|17|100|75|39|1013|1009|1006|cloudy
-33.86|151.21|39|2016|11|24|21|17|13|83|54|28|1014|1012|1010|Sunny
-33.86|151.21|39|2016|11|25|23|19|15|72|52|19|1017|1013|1012|Sunny
-33.86|151.21|39|2016|11|26|25|21|17|83|58|34|1017|1015|1012|Sunny
-33.86|151.21|39|2016|11|27|23|21|18|88|71|52|1019|1017|1015|Rain
-33.86|151.21|39|2016|11|28|28|24|20|88|67|41|1018|1012|1008|cloudy
-33.86|151.21|39|2016|11|29|23|21|19|94|76|54|1014|1011|1009|Sunny
-33.86|151.21|39|2016|11|30|26|22|18|83|68|37|1014|1010|1007|Rain
-33.86|151.21|39|2016|12|1|30|24|18|83|56|20|1009|1006|1004|Rain
-33.86|151.21|39|2016|12|2|35|27|19|88|46|8|1013|1008|1006|Sunny
-33.86|151.21|39|2016|12|3|25|22|20|94|67|40|1017|1015|1012|Sunny
-33.86|151.21|39|2016|12|4|27|23|19|83|66|44|1016|1014|1011|Sunny
-33.86|151.21|39|2016|12|5|32|26|21|94|75|40|1013|1009|1005|cloudy
-33.86|151.21|39|2016|12|6|25|22|20|94|83|71|1014|1011|1009|Rain
-33.86|151.21|39|2016|12|7|25|22|19|94|71|46|1016|1014|1012|Rain
-33.86|151.21|39|2016|12|8|29|24|21|89|64|35|1014|1004|996|cloudy
-33.86|151.21|39|2016|12|9|27|22|18|60|36|6|1019|1009|998|Sunny
-33.86|151.21|39|2016|12|10|23|20|16|77|55|37|1023|1021|1018|Sunny
-33.86|151.21|39|2016|12|11|26|23|20|73|59|30|1023|1021|1019|Sunny
-33.86|151.21|39|2016|12|12|28|24|20|73|58|37|1023|1020|1016|Sunny
-33.86|151.21|39|2016|12|13|37|29|21|83|45|8|1017|1012|1009|Sunny
-33.86|151.21|39|2016|12|14|36|28|21|94|37|7|1014|1008|1006|Rain
-33.86|151.21|39|2016|12|15|21|18|16|100|90|71|1019|1016|1014|Rain
-33.86|151.21|39|2016|12|16|22|19|16|100|94|83|1018|1012|1007|Rain
-33.86|151.21|39|2016|12|17|34|26|17|94|58|12|1012|1006|1004|Sunny
-33.86|151.21|39|2016|12|18|21|19|17|83|62|41|1023|1019|1012|Rain
-33.86|151.21|39|2016|12|19|24|20|17|77|50|31|1022|1018|1014|Rain
-33.86|151.21|39|2016|12|20|29|23|17|88|54|31|1015|1008|1003|cloudy
-33.86|151.21|39|2016|12|21|25|21|18|88|69|45|1018|1012|1007|Rain
-33.86|151.21|39|2016|12|22|24|22|19|68|57|43|1020|1018|1017|Rain
-33.86|151.21|39|2016|12|23|26|23|21|73|57|38|1019|1017|1014|Sunny
-33.86|151.21|39|2016|12|24|27|23|19|88|71|49|1016|1014|1013|cloudy
-33.86|151.21|39|2016|12|25|29|23|18|94|68|35|1017|1015|1014|Sunny
-33.86|151.21|39|2016|12|26|31|26|21|83|61|36|1016|1013|1010|Sunny
-33.86|151.21|39|2016|12|27|26|23|21|88|75|53|1015|1013|1010|Sunny
-33.86|151.21|39|2016|12|28|29|25|21|83|63|35|1014|1010|1007|Sunny
-33.86|151.21|39|2016|12|29|37|30|22|78|46|15|1008|1005|1003|Sunny
-33.86|151.21|39|2016|12|30|35|29|23|89|51|17|1006|1002|1000|Rain
-33.86|151.21|39|2016|12|31|26|24|22|88|78|62|1007|1004|1001|Rain
-33.86|151.21|39|2017|1|1|27|24|21|89|76|55|1007|1006|1004|Rain
-33.86|151.21|39|2017|1|2|24|22|20|94|76|55|1016|1010|1005|Rain
-33.86|151.21|39|2017|1|3|23|21|18|88|74|53|1021|1018|1016|Rain
-33.86|151.21|39|2017|1|4|25|22|19|88|61|33|1022|1020|1019|Rain
-33.86|151.21|39|2017|1|5|24|22|19|100|79|49|1020|1017|1016|Rain
-33.86|151.21|39|2017|1|6|26|22|19|100|75|38|1020|1017|1015|Rain
-33.86|151.21|39|2017|1|7|27|22|18|94|66|41|1019|1016|1013|Sunny
-33.86|151.21|39|2017|1|8|30|24|19|78|57|33|1014|1011|1008|Sunny
-33.86|151.21|39|2017|1|9|29|24|21|94|69|35|1014|1010|1008|Rain
-33.86|151.21|39|2017|1|10|34|28|21|100|64|22|1014|1010|1007|Rain
-33.86|151.21|39|2017|1|11|38|30|23|89|64|22|1010|1006|1002|Sunny
-33.86|151.21|39|2017|1|12|28|24|21|94|70|42|1013|1011|1009|Sunny
-33.86|151.21|39|2017|1|13|32|28|23|89|61|39|1013|1004|997|cloudy
-33.86|151.21|39|2017|1|14|30|27|23|83|63|41|1011|1003|1000|Rain
-33.86|151.21|39|2017|1|15|26|23|21|73|63|48|1017|1014|1011|Rain
-33.86|151.21|39|2017|1|16|29|26|22|100|60|37|1017|1015|1012|Sunny
-33.86|151.21|39|2017|1|17|37|29|21|94|53|21|1015|1010|1005|Sunny
-33.86|151.21|39|2017|1|18|37|29|20|78|59|19|1016|1007|1003|Rain
-33.86|151.21|39|2017|1|19|24|21|19|73|54|40|1016|1013|1010|Rain
-33.86|151.21|39|2017|1|20|31|25|19|94|69|51|1010|1000|992|Rain
-33.86|151.21|39|2017|1|21|24|22|21|78|58|39|1017|1010|1002|Sunny
-33.86|151.21|39|2017|1|22|27|23|19|73|58|36|1018|1016|1014|Sunny
-33.86|151.21|39|2017|1|23|30|26|22|78|60|37|1015|1011|1007|Sunny
-33.86|151.21|39|2017|1|24|38|29|21|94|54|18|1019|1009|1005|Rain
-33.86|151.21|39|2017|1|25|23|22|21|78|69|56|1021|1018|1015|Sunny
-33.86|151.21|39|2017|1|26|23|21|20|88|80|68|1017|1015|1014|Rain
-33.86|151.21|39|2017|1|27|26|23|20|88|71|48|1019|1017|1015|Rain
-33.86|151.21|39|2017|1|28|32|26|21|88|63|40|1017|1013|1010|Sunny
-33.86|151.21|39|2017|1|29|27|24|21|94|83|56|1017|1015|1013|Sunny
-33.86|151.21|39|2017|1|30|35|29|23|89|64|31|1015|1009|1005|cloudy
-33.86|151.21|39|2017|1|31|39|30|21|94|68|11|1015|1009|1006|Rain
-33.86|151.21|39|2017|2|1|24|22|20|100|90|81|1016|1014|1011|cloudy
-33.86|151.21|39|2017|2|2|24|23|22|94|74|50|1016|1013|1008|Rain
-33.86|151.21|39|2017|2|3|28|24|22|83|68|47|1016|1014|1012|Sunny
-33.86|151.21|39|2017|2|4|31|27|22|100|76|47|1014|1012|1008|Rain
-33.86|151.21|39|2017|2|5|38|32|26|65|41|20|1011|1008|1006|Sunny
-33.86|151.21|39|2017|2|6|32|28|23|94|80|35|1016|1010|1006|Sunny
-33.86|151.21|39|2017|2|7|24|22|20|100|91|71|1021|1017|1014|cloudy
-33.86|151.21|39|2017|2|8|27|23|20|100|81|61|1023|1021|1019|Rain
-33.86|151.21|39|2017|2|9|32|27|21|94|66|36|1022|1015|1010|Sunny
-33.86|151.21|39|2017|2|10|41|32|23|100|63|17|1011|1008|1004|Sunny
-33.86|151.21|39|2017|2|11|38|31|23|100|72|29|1009|1005|1000|Sunny
-33.86|151.21|39|2017|2|12|27|24|22|94|83|66|1007|1002|997|cloudy
-33.86|151.21|39|2017|2|13|25|21|17|78|44|22|1013|1008|1006|Sunny
-33.86|151.21|39|2017|2|14|22|20|18|100|71|42|1019|1015|1012|Rain
-33.86|151.21|39|2017|2|15|26|22|17|88|66|39|1018|1015|1011|Rain
-33.86|151.21|39|2017|2|16|32|26|20|83|58|33|1012|1010|1007|Sunny
-33.86|151.21|39|2017|2|17|32|27|23|83|67|40|1010|1008|1005|cloudy
-33.86|151.21|39|2017|2|18|28|24|22|88|78|56|1008|1006|1003|cloudy
-33.86|151.21|39|2017|2|19|25|21|18|88|72|45|1009|1006|1004|cloudy
-33.86|151.21|39|2017|2|20|29|22|14|78|34|6|1016|1010|1006|Sunny
-33.86|151.21|39|2017|2|21|27|22|17|61|47|31|1021|1019|1016|Sunny
-33.86|151.21|39|2017|2|22|29|24|20|73|56|37|1022|1019|1016|Sunny
-33.86|151.21|39|2017|2|23|29|26|22|73|58|37|1020|1018|1015|Sunny
-33.86|151.21|39|2017|2|24|25|23|21|89|80|61|1021|1019|1017|cloudy
-33.86|151.21|39|2017|2|25|22|20|18|100|91|82|1021|1020|1018|cloudy
-33.86|151.21|39|2017|2|26|23|21|18|100|75|49|1023|1021|1019|Rain
-33.86|151.21|39|2017|2|27|26|22|18|100|76|45|1025|1023|1021|Rain
-33.86|151.21|39|2017|2|28|27|23|19|94|74|54|1023|1022|1021|Rain
-33.86|151.21|39|2017|3|1|25|22|19|100|88|78|1022|1020|1018|Rain
-33.86|151.21|39|2017|3|2|26|23|20|100|83|57|1020|1017|1015|Rain
-33.86|151.21|39|2017|3|3|24|22|20|100|92|75|1017|1016|1014|Rain
-33.86|151.21|39|2017|3|4|24|22|19|100|89|77|1017|1014|1011|Rain
-33.86|151.21|39|2017|3|5|23|21|18|94|79|66|1011|1010|1008|Rain
-33.86|151.21|39|2017|3|6|23|21|20|78|68|57|1016|1012|1010|Sunny
-33.86|151.21|39|2017|3|7|22|20|17|94|77|57|1019|1017|1015|Rain
-33.86|151.21|39|2017|3|8|23|20|17|83|70|48|1019|1018|1017|Rain
-33.86|151.21|39|2017|3|9|23|20|18|78|65|49|1018|1016|1015|Rain
-33.86|151.21|39|2017|3|10|23|20|18|88|72|59|1016|1015|1013|Rain
-33.86|151.21|39|2017|3|11|24|21|17|83|66|46|1015|1013|1011|Sunny
-33.86|151.21|39|2017|3|12|28|22|17|83|65|38|1013|1009|1006|Sunny
-33.86|151.21|39|2017|3|13|28|25|22|83|71|44|1017|1011|1007|cloudy
-33.86|151.21|39|2017|3|14|27|23|21|88|79|62|1021|1019|1016|Rain
-33.86|151.21|39|2017|3|15|27|23|19|100|81|61|1021|1019|1017|Rain
-33.86|151.21|39|2017|3|16|27|24|22|100|89|71|1017|1011|1007|Rain
-33.86|151.21|39|2017|3|17|22|20|19|100|89|74|1022|1018|1010|Rain
-33.86|151.21|39|2017|3|18|24|23|22|88|82|69|1024|1022|1020|Rain
-33.86|151.21|39|2017|3|19|23|-|23|97|97|97|1022|1019|1017|Rain
-33.86|151.21|39|2017|3|20|28|26|24|89|77|65|1019|1016|1014|Sunny
-33.86|151.21|39|2017|3|21|28|26|23|100|85|63|1016|1014|1012|cloudy
-33.86|151.21|39|2017|3|22|31|26|21|100|85|51|1016|1012|1010|cloudy
-33.86|151.21|39|2017|3|23|22|21|19|100|88|75|1019|1017|1016|Rain
-33.86|151.21|39|2017|3|24|23|21|18|100|85|60|1021|1019|1018|Rain
-33.86|151.21|39|2017|3|25|26|22|19|83|71|50|1020|1016|1013|Rain
-33.86|151.21|39|2017|3|26|27|23|19|94|74|56|1018|1015|1013|Sunny
-33.86|151.21|39|2017|3|27|28|24|20|94|74|48|1017|1014|1009|Sunny
-33.86|151.21|39|2017|3|28|23|22|20|100|88|78|1014|1012|1009|Sunny
-33.86|151.21|39|2017|3|29|30|26|21|94|78|57|1014|1009|1006|Rain
-33.86|151.21|39|2017|3|30|28|22|17|100|91|57|1014|1008|1004|cloudy
-33.86|151.21|39|2017|3|31|21|18|16|88|74|59|1018|1015|1013|Rain
-33.86|151.21|39|2017|4|1|24|19|14|88|63|35|1021|1017|1016|Rain
-33.86|151.21|39|2017|4|2|21|18|16|94|69|50|1027|1024|1021|Rain
-33.86|151.21|39|2017|4|3|22|18|14|100|91|49|1029|1027|1025|Rain
-33.86|151.21|39|2017|4|4|22|19|16|94|75|50|1028|1027|1025|Rain
-33.86|151.21|39|2017|4|5|22|19|15|82|59|42|1026|1024|1023|Sunny
-33.86|151.21|39|2017|4|6|23|18|13|88|64|37|1026|1025|1023|Sunny
-33.86|151.21|39|2017|4|7|24|19|14|88|65|33|1028|1026|1025|Sunny
-33.86|151.21|39|2017|4|8|25|20|14|88|66|35|1026|1023|1019|Sunny
-33.86|151.21|39|2017|4|9|28|22|16|94|63|28|1020|1011|1004|cloudy
-33.86|151.21|39|2017|4|10|19|16|12|72|52|32|1012|1009|1007|Rain
-33.86|151.21|39|2017|4|11|22|17|13|83|67|48|1021|1016|1011|Rain
-33.86|151.21|39|2017|4|12|20|18|15|100|88|68|1024|1022|1020|Rain
-33.86|151.21|39|2017|4|13|21|18|15|100|81|51|1024|1022|1020|Rain
-33.86|151.21|39|2017|4|14|22|18|13|88|67|37|1022|1020|1019|Sunny
-33.86|151.21|39|2017|4|15|23|18|13|88|72|53|1021|1020|1018|Rain
-33.86|151.21|39|2017|4|16|25|20|14|94|65|27|1022|1019|1017|Sunny
-33.86|151.21|39|2017|4|17|23|18|14|82|68|49|1025|1023|1021|Sunny
-33.86|151.21|39|2017|4|18|24|20|16|88|69|47|1029|1026|1024|Sunny
-33.86|151.21|39|2017|4|19|23|19|16|94|73|53|1030|1029|1028|Rain
-33.86|151.21|39|2017|4|20|24|20|16|100|72|43|1030|1028|1027|Rain
-33.86|151.21|39|2017|4|21|24|19|14|88|69|45|1028|1026|1024|Sunny
-33.86|151.21|39|2017|4|22|24|21|18|83|68|46|1026|1024|1022|Sunny
-33.86|151.21|39|2017|4|23|25|20|16|94|76|44|1024|1022|1020|Sunny
-33.86|151.21|39|2017|4|24|24|20|16|94|74|48|1023|1020|1017|Sunny
-33.86|151.21|39|2017|4|25|27|22|18|83|68|36|1017|1011|1007|Rain
-33.86|151.21|39|2017|4|26|25|19|14|88|59|22|1011|1006|1002|Rain
-33.86|151.21|39|2017|4|27|18|14|11|72|56|38|1019|1015|1011|Sunny
-33.86|151.21|39|2017|4|28|19|14|10|77|59|45|1023|1021|1019|Sunny
-33.86|151.21|39|2017|4|29|21|16|10|82|65|41|1022|1020|1018|Sunny
-33.86|151.21|39|2017|4|30|21|17|14|88|72|55|1023|1021|1020|Sunny
-33.86|151.21|39|2017|5|1|26|19|13|94|64|31|1021|1017|1014|Sunny
-33.86|151.21|39|2017|5|2|23|19|14|77|56|29|1021|1017|1015|Sunny
-33.86|151.21|39|2017|5|3|18|16|14|94|76|55|1030|1026|1021|Rain
-33.86|151.21|39|2017|5|4|19|16|12|94|71|37|1032|1030|1029|Rain
-33.86|151.21|39|2017|5|5|22|17|13|88|66|42|1031|1029|1027|Rain
-33.86|151.21|39|2017|5|6|26|19|12|88|64|31|1027|1024|1020|Sunny
-33.86|151.21|39|2017|5|7|20|17|13|82|55|24|1026|1023|1019|Sunny
-33.86|151.21|39|2017|5|8|18|14|10|72|55|36|1028|1026|1025|Sunny
-33.86|151.21|39|2017|5|9|19|14|11|77|66|45|1027|1025|1024|Rain
-33.86|151.21|39|2017|5|10|19|14|10|88|71|49|1025|1023|1021|Sunny
-33.86|151.21|39|2017|5|11|19|14|11|88|74|50|1025|1023|1022|Sunny
-33.86|151.21|39|2017|5|12|19|16|12|100|81|66|1027|1025|1024|Rain
-33.86|151.21|39|2017|5|13|22|18|14|100|81|53|1025|1023|1021|Rain
-33.86|151.21|39|2017|5|14|20|17|14|100|82|59|1022|1020|1018|Rain
-33.86|151.21|39|2017|5|15|19|16|13|94|76|54|1018|1016|1014|Rain
-33.86|151.21|39|2017|5|16|19|15|11|82|64|37|1020|1017|1015|Sunny
-33.86|151.21|39|2017|5|17|21|16|10|87|68|38|1024|1022|1020|Sunny
-33.86|151.21|39|2017|5|18|21|17|12|94|72|57|1027|1025|1023|Sunny
-33.86|151.21|39|2017|5|19|21|19|16|100|82|59|1027|1023|1019|Rain
-33.86|151.21|39|2017|5|20|23|20|17|94|81|55|1019|1017|1015|Rain
-33.86|151.21|39|2017|5|21|20|17|13|94|76|47|1023|1020|1017|Sunny
-33.86|151.21|39|2017|5|22|21|17|13|95|80|57|1025|1023|1021|Sunny
-33.86|151.21|39|2017|5|23|24|19|15|94|75|49|1023|1019|1016|Sunny
-33.86|151.21|39|2017|5|24|23|18|14|94|65|25|1019|1015|1012|cloudy
-33.86|151.21|39|2017|5|25|20|16|12|77|57|38|1021|1019|1018|Sunny
-33.86|151.21|39|2017|5|26|19|14|9|82|70|45|1022|1020|1018|Sunny
-33.86|151.21|39|2017|5|27|20|16|12|88|75|57|1022|1019|1016|Sunny
-33.86|151.21|39|2017|5|28|24|17|10|100|64|27|1016|1012|1008|Rain
-33.86|151.21|39|2017|5|29|17|13|9|67|46|24|1023|1018|1013|Rain
-33.86|151.21|39|2017|5|30|19|13|7|76|52|24|1023|1022|1020|Sunny
-33.86|151.21|39|2017|5|31|15|12|10|77|59|40|1030|1026|1022|Rain
-33.86|151.21|39|2017|6|1|16|12|8|71|56|41|1033|1031|1030|Sunny
-33.86|151.21|39|2017|6|2|16|12|8|71|60|45|1033|1031|1030|Rain
-33.86|151.21|39|2017|6|3|17|13|11|95|74|56|1031|1029|1028|Rain
-33.86|151.21|39|2017|6|4|17|13|10|94|79|57|1029|1026|1024|Rain
-33.86|151.21|39|2017|6|5|20|14|9|100|71|31|1025|1023|1020|Sunny
-33.86|151.21|39|2017|6|6|17|12|8|93|64|40|1020|1019|1017|Rain
-33.86|151.21|39|2017|6|7|17|12|8|100|90|72|1022|1019|1016|cloudy
-33.86|151.21|39|2017|6|8|17|14|12|100|90|71|1026|1023|1021|cloudy
-33.86|151.21|39|2017|6|9|18|14|11|100|89|64|1030|1027|1025|Rain
-33.86|151.21|39|2017|6|10|17|16|13|100|85|64|1032|1030|1029|Rain
-33.86|151.21|39|2017|6|11|17|14|11|100|93|81|1030|1027|1025|Snow
-33.86|151.21|39|2017|6|12|19|14|11|100|89|65|1027|1025|1023|Snow
-33.86|151.21|39|2017|6|13|17|13|9|100|83|69|1031|1029|1027|Rain
-33.86|151.21|39|2017|6|14|18|15|12|100|85|71|1031|1029|1027|Rain
-33.86|151.21|39|2017|6|15|22|16|11|100|84|49|1028|1026|1024|Snow
-33.86|151.21|39|2017|6|16|17|14|12|95|84|64|1026|1024|1023|Sunny
-33.86|151.21|39|2017|6|17|17|16|13|94|86|74|1024|1023|1021|Rain
-33.86|151.21|39|2017|6|18|17|14|12|100|82|67|1029|1025|1022|Rain
-33.86|151.21|39|2017|6|19|17|14|12|100|79|70|1030|1029|1028|Rain
-33.86|151.21|39|2017|6|20|18|15|12|100|86|62|1029|1026|1024|Rain
-33.86|151.21|39|2017|6|21|18|13|8|100|79|58|1028|1025|1023|Snow
-33.86|151.21|39|2017|6|22|17|13|9|94|77|57|1029|1026|1023|Rain
-33.86|151.21|39|2017|6|23|18|13|8|100|75|46|1023|1018|1014|Sunny
-33.86|151.21|39|2017|6|24|20|14|9|82|54|29|1018|1016|1013|Sunny
-33.86|151.21|39|2017|6|25|19|13|7|81|56|28|1019|1017|1015|Sunny
-33.86|151.21|39|2017|6|26|17|12|7|82|63|38|1025|1021|1018|Sunny
-33.86|151.21|39|2017|6|27|17|12|8|88|73|50|1027|1025|1023|Sunny
-33.86|151.21|39|2017|6|28|16|13|11|94|81|56|1024|1022|1021|Rain
-33.86|151.21|39|2017|6|29|19|14|9|82|63|39|1022|1020|1018|Rain
-33.86|151.21|39|2017|6|30|14|12|9|76|53|31|1029|1024|1020|Sunny
34.05|-118.24|115|2016|7|1|19|16|12|89|71|52|1014|1013|1011|Sunny
34.05|-118.24|115|2016|7|2|23|18|12|86|66|46|1015|1013|1012|Sunny
34.05|-118.24|115|2016|7|3|26|19|12|86|64|41|1017|1015|1014|Sunny
34.05|-118.24|115|2016|7|4|22|18|13|86|70|53|1017|1015|1014|Sunny
34.05|-118.24|115|2016|7|5|19|16|13|86|72|58|1018|1017|1016|Sunny
34.05|-118.24|115|2016|7|6|23|18|12|93|70|47|1019|1017|1016|Sunny
34.05|-118.24|115|2016|7|7|27|20|12|89|61|32|1017|1015|1012|Sunny
34.05|-118.24|115|2016|7|8|26|20|13|80|58|35|1014|1013|1012|Sunny
34.05|-118.24|115|2016|7|9|21|17|12|93|73|53|1014|1013|1011|Sunny
34.05|-118.24|115|2016|7|10|20|17|13|86|72|58|1013|1012|1012|Sunny
34.05|-118.24|115|2016|7|11|23|18|13|80|63|46|1014|1013|1012|Sunny
34.05|-118.24|115|2016|7|12|21|17|13|86|70|53|1014|1014|1013|Sunny
34.05|-118.24|115|2016|7|13|21|17|12|93|74|55|1016|1015|1014|Sunny
34.05|-118.24|115|2016|7|14|24|18|13|86|70|53|1017|1016|1015|Sunny
34.05|-118.24|115|2016|7|15|29|21|13|86|61|36|1017|1015|1013|Sunny
34.05|-118.24|115|2016|7|16|29|22|15|72|50|28|1014|1012|1010|Sunny
34.05|-118.24|115|2016|7|17|22|17|13|86|71|55|1016|1014|1012|Sunny
34.05|-118.24|115|2016|7|18|21|17|13|86|71|55|1020|1019|1016|Sunny
34.05|-118.24|115|2016|7|19|21|17|13|86|70|53|1020|1019|1017|Sunny
34.05|-118.24|115|2016|7|20|20|17|13|86|72|58|1019|1018|1016|Sunny
34.05|-118.24|115|2016|7|21|21|17|13|86|70|53|1020|1019|1017|Sunny
34.05|-118.24|115|2016|7|22|21|17|12|86|70|53|1020|1019|1016|Sunny
34.05|-118.24|115|2016|7|23|22|18|13|83|66|49|1016|1014|1011|Sunny
34.05|-118.24|115|2016|7|24|21|17|13|83|68|53|1013|1012|1010|Sunny
34.05|-118.24|115|2016|7|25|22|17|12|86|70|53|1014|1013|1012|Sunny
34.05|-118.24|115|2016|7|26|27|19|12|89|63|36|1014|1012|1010|Sunny
34.05|-118.24|115|2016|7|27|22|17|12|86|70|53|1013|1012|1011|Sunny
34.05|-118.24|115|2016|7|28|21|16|12|93|74|55|1014|1012|1010|Sunny
34.05|-118.24|115|2016|7|29|21|16|12|93|74|55|1012|1010|1008|Sunny
34.05|-118.24|115|2016|7|30|23|18|12|93|73|53|1011|1010|1009|Sunny
34.05|-118.24|115|2016|7|31|24|19|13|93|72|50|1013|1012|1010|Sunny
34.05|-118.24|115|2016|8|1|23|19|14|86|68|49|1016|1014|1013|Sunny
34.05|-118.24|115|2016|8|2|21|17|13|86|73|59|1017|1015|1014|Sunny
34.05|-118.24|115|2016|8|3|23|18|12|86|68|49|1015|1014|1013|Sunny
34.05|-118.24|115|2016|8|4|19|17|13|86|72|58|1015|1014|1013|Sunny
34.05|-118.24|115|2016|8|5|21|17|13|86|70|53|1014|1013|1012|Sunny
34.05|-118.24|115|2016|8|6|20|17|13|86|71|55|1013|1012|1011|Sunny
34.05|-118.24|115|2016|8|7|21|17|13|80|67|53|1014|1012|1011|Sunny
34.05|-118.24|115|2016|8|8|23|18|13|86|68|49|1012|1011|1010|Sunny
34.05|-118.24|115|2016|8|9|24|19|14|80|63|46|1011|1010|1009|Sunny
34.05|-118.24|115|2016|8|10|23|18|13|93|73|53|1014|1012|1010|Sunny
34.05|-118.24|115|2016|8|11|23|18|14|86|70|53|1017|1015|1014|Sunny
34.05|-118.24|115|2016|8|12|21|17|12|87|73|59|1018|1016|1015|Sunny
34.05|-118.24|115|2016|8|13|21|17|12|93|74|55|1016|1014|1012|Sunny
34.05|-118.24|115|2016|8|14|21|17|12|93|76|59|1014|1013|1012|Fog
34.05|-118.24|115|2016|8|15|21|17|13|86|72|57|1015|1014|1012|Sunny
34.05|-118.24|115|2016|8|16|20|17|13|93|76|59|1014|1013|1011|Sunny
34.05|-118.24|115|2016|8|17|21|17|13|87|72|57|1012|1011|1009|Sunny
34.05|-118.24|115|2016|8|18|23|19|14|87|72|57|1012|1011|1010|Sunny
34.05|-118.24|115|2016|8|19|23|19|14|86|72|57|1014|1013|1012|Sunny
34.05|-118.24|115|2016|8|20|21|18|14|86|73|59|1015|1014|1012|Sunny
34.05|-118.24|115|2016|8|21|21|18|14|86|73|59|1014|1014|1013|Snow
34.05|-118.24|115|2016|8|22|21|18|14|86|74|61|1016|1014|1013|Snow
34.05|-118.24|115|2016|8|23|23|18|14|80|67|53|1019|1017|1016|Snow
34.05|-118.24|115|2016|8|24|20|17|14|86|72|58|1020|1017|1015|Snow
34.05|-118.24|115|2016|8|25|21|17|13|86|72|57|1015|1014|1012|Snow
34.05|-118.24|115|2016|8|26|22|19|15|78|66|53|1015|1014|1012|Snow
34.05|-118.24|115|2016|8|27|22|19|16|78|66|53|1017|1016|1015|Snow
34.05|-118.24|115|2016|8|28|22|19|15|78|64|49|1019|1018|1017|Snow
34.05|-118.24|115|2016|8|29|22|18|14|80|69|57|1020|1019|1016|Snow
34.05|-118.24|115|2016|8|30|23|19|16|84|69|53|1017|1015|1013|Snow
34.05|-118.24|115|2016|8|31|22|18|15|90|74|57|1015|1014|1013|Snow
34.05|-118.24|115|2016|9|1|20|17|14|87|75|63|1016|1014|1013|Snow
34.05|-118.24|115|2016|9|2|22|17|13|86|70|53|1014|1012|1011|Snow
34.05|-118.24|115|2016|9|3|19|17|14|80|72|63|1012|1011|1009|Snow
34.05|-118.24|115|2016|9|4|19|17|13|83|70|56|1012|1011|1010|Snow
34.05|-118.24|115|2016|9|5|22|17|12|77|63|48|1012|1010|1009|Snow
34.05|-118.24|115|2016|9|6|29|21|12|83|55|26|1012|1011|1010|Snow
34.05|-118.24|115|2016|9|7|31|23|14|80|54|27|1016|1013|1011|Snow
34.05|-118.24|115|2016|9|8|23|18|14|80|69|57|1020|1017|1016|Snow
34.05|-118.24|115|2016|9|9|19|17|13|93|78|63|1017|1016|1015|Snow
34.05|-118.24|115|2016|9|10|19|16|13|93|78|63|1019|1017|1016|Snow
34.05|-118.24|115|2016|9|11|22|17|13|86|69|51|1019|1017|1014|Snow
34.05|-118.24|115|2016|9|12|19|16|12|83|68|52|1014|1012|1011|Snow
34.05|-118.24|115|2016|9|13|22|18|13|72|62|51|1016|1013|1010|Snow
34.05|-118.24|115|2016|9|14|23|18|13|80|63|46|1020|1018|1017|Snow
34.05|-118.24|115|2016|9|15|18|16|13|93|80|67|1019|1017|1015|Snow
34.05|-118.24|115|2016|9|16|21|17|13|86|71|55|1016|1015|1013|Snow
34.05|-118.24|115|2016|9|17|22|17|12|93|79|53|1017|1015|1014|Snow
34.05|-118.24|115|2016|9|18|31|22|13|83|55|27|1015|1013|1012|Snow
34.05|-118.24|115|2016|9|19|29|23|16|78|56|34|1014|1013|1011|Snow
34.05|-118.24|115|2016|9|20|23|19|14|86|68|49|1016|1014|1012|Snow
34.05|-118.24|115|2016|9|21|19|17|14|80|68|56|1015|1014|1013|Snow
34.05|-118.24|115|2016|9|22|20|17|13|83|68|52|1019|1017|1015|Snow
34.05|-118.24|115|2016|9|23|23|17|11|83|62|41|1021|1020|1019|Snow
34.05|-118.24|115|2016|9|24|28|21|14|80|60|40|1021|1019|1017|Snow
34.05|-118.24|115|2016|9|25|34|24|14|84|50|16|1018|1016|1014|Snow
34.05|-118.24|115|2016|9|26|34|26|17|68|43|18|1016|1014|1013|Snow
34.05|-118.24|115|2016|9|27|26|20|13|80|56|32|1013|1012|1010|Snow
34.05|-118.24|115|2016|9|28|20|17|13|86|75|63|1015|1013|1011|Snow
34.05|-118.24|115|2016|9|29|17|15|12|89|77|65|1020|1018|1016|Snow
34.05|-118.24|115|2016|9|30|18|16|12|89|71|52|1021|1020|1019|Snow
34.05|-118.24|115|2016|10|1|21|17|12|89|69|49|1021|1019|1017|Snow
34.05|-118.24|115|2016|10|2|20|17|13|86|67|48|1019|1018|1017|Snow
34.05|-118.24|115|2016|10|3|18|16|12|89|73|56|1020|1018|1015|Snow
34.05|-118.24|115|2016|10|4|21|18|14|80|64|48|1018|1016|1015|Snow
34.05|-118.24|115|2016|10|5|21|17|12|83|62|40|1019|1018|1017|Snow
34.05|-118.24|115|2016|10|6|24|18|12|83|59|35|1019|1017|1015|Snow
34.05|-118.24|115|2016|10|7|29|21|12|78|51|23|1017|1015|1012|Snow
34.05|-118.24|115|2016|10|8|29|22|14|73|50|26|1014|1012|1011|Snow
34.05|-118.24|115|2016|10|9|27|19|12|86|59|32|1015|1014|1013|Snow
34.05|-118.24|115|2016|10|10|22|17|11|96|75|53|1016|1015|1014|Snow
34.05|-118.24|115|2016|10|11|20|17|13|83|66|48|1019|1017|1016|Snow
34.05|-118.24|115|2016|10|12|16|14|13|86|79|72|1019|1019|1017|Snow
34.05|-118.24|115|2016|10|13|22|18|13|86|68|49|1019|1017|1014|Snow
34.05|-118.24|115|2016|10|14|20|17|14|90|77|63|1015|1014|1013|Rain
34.05|-118.24|115|2016|10|15|22|18|13|93|77|61|1014|1011|1000|Rain
34.05|-118.24|115|2016|10|16|19|18|17|93|83|72|1012|1010|1007|Rain
34.05|-118.24|115|2016|10|17|21|18|15|84|67|49|1019|1016|1012|Snow
34.05|-118.24|115|2016|10|18|21|17|13|93|74|55|1023|1021|1020|Snow
34.05|-118.24|115|2016|10|19|23|18|12|83|61|38|1023|1021|1020|Snow
34.05|-118.24|115|2016|10|20|26|19|12|78|59|39|1021|1019|1016|Snow
34.05|-118.24|115|2016|10|21|23|18|14|93|76|59|1016|1014|1012|Snow
34.05|-118.24|115|2016|10|22|19|17|13|93|75|56|1013|1012|1011|Snow
34.05|-118.24|115|2016|10|23|19|15|11|83|71|58|1014|1013|1011|Snow
34.05|-118.24|115|2016|10|24|21|18|16|78|63|47|1015|1014|1013|Rain
34.05|-118.24|115|2016|10|25|22|19|17|84|71|57|1018|1016|1015|Rain
34.05|-118.24|115|2016|10|26|22|18|14|86|68|49|1019|1016|1014|Snow
34.05|-118.24|115|2016|10|27|18|17|16|90|82|73|1015|1014|1012|Rain
34.05|-118.24|115|2016|10|28|19|18|16|93|83|73|1014|1012|1011|Rain
34.05|-118.24|115|2016|10|29|21|19|16|90|76|61|1015|1014|1012|Rain
34.05|-118.24|115|2016|10|30|19|17|14|80|72|63|1019|1012|1009|Rain
34.05|-118.24|115|2016|10|31|19|16|12|93|73|52|1020|1017|1014|Rain
34.05|-118.24|115|2016|11|1|18|15|12|80|68|56|1021|1019|1015|Snow
34.05|-118.24|115|2016|11|2|21|16|11|89|72|55|1023|1022|1021|Snow
34.05|-118.24|115|2016|11|3|22|17|12|93|67|40|1023|1021|1019|Snow
34.05|-118.24|115|2016|11|4|22|18|13|93|71|49|1021|1020|1019|Snow
34.05|-118.24|115|2016|11|5|19|16|12|89|79|68|1020|1019|1017|Snow
34.05|-118.24|115|2016|11|6|19|18|16|90|84|78|1020|1019|1017|Snow
34.05|-118.24|115|2016|11|7|21|17|14|93|81|68|1022|1020|1020|Snow
34.05|-118.24|115|2016|11|8|22|18|14|87|74|61|1022|1020|1019|Snow
34.05|-118.24|115|2016|11|9|24|19|14|87|71|54|1021|1018|1016|Snow
34.05|-118.24|115|2016|11|10|23|18|14|90|76|61|1018|1017|1016|Snow
34.05|-118.24|115|2016|11|11|21|17|14|90|74|58|1019|1017|1017|Snow
34.05|-118.24|115|2016|11|12|21|18|14|93|73|52|1022|1020|1019|Snow
34.05|-118.24|115|2016|11|13|20|16|12|93|81|68|1022|1022|1021|Fog
34.05|-118.24|115|2016|11|14|17|15|12|100|89|78|1023|1021|1020|Snow
34.05|-118.24|115|2016|11|15|18|16|13|93|80|67|1021|1020|1018|Rain
34.05|-118.24|115|2016|11|16|16|13|10|72|59|46|1020|1019|1018|Snow
34.05|-118.24|115|2016|11|17|16|12|8|82|62|42|1021|1020|1018|Snow
34.05|-118.24|115|2016|11|18|19|14|8|82|60|37|1019|1016|1014|Snow
34.05|-118.24|115|2016|11|19|16|14|13|93|74|55|1014|1013|1012|Rain
34.05|-118.24|115|2016|11|20|16|14|12|93|87|80|1014|1013|1012|Rain
34.05|-118.24|115|2016|11|21|16|14|11|93|79|64|1022|1017|1014|Snow
34.05|-118.24|115|2016|11|22|16|12|8|86|77|67|1023|1021|1020|Rain
34.05|-118.24|115|2016|11|23|16|13|10|83|63|42|1028|1026|1021|Rain
34.05|-118.24|115|2016|11|24|15|11|7|89|73|57|1028|1025|1022|Snow
34.05|-118.24|115|2016|11|25|14|11|7|86|72|57|1022|1017|1012|Snow
34.05|-118.24|115|2016|11|26|13|12|11|89|78|66|1013|1011|1009|Rain
34.05|-118.24|115|2016|11|27|15|13|11|83|70|57|1020|1017|1012|Rain
34.05|-118.24|115|2016|11|28|16|13|11|86|71|55|1018|1017|1016|Snow
34.05|-118.24|115|2016|11|29|16|12|7|83|64|44|1021|1020|1018|Snow
34.05|-118.24|115|2016|11|30|13|11|7|86|79|71|1022|1020|1019|Rain
34.05|-118.24|115|2016|12|1|16|11|7|89|65|40|1022|1020|1019|Snow
34.05|-118.24|115|2016|12|2|17|13|9|63|49|34|1024|1023|1021|Snow
34.05|-118.24|115|2016|12|3|17|12|7|86|67|47|1026|1023|1022|Snow
34.05|-118.24|115|2016|12|4|15|11|7|93|78|62|1023|1021|1020|Snow
34.05|-118.24|115|2016|12|5|13|12|10|93|80|66|1020|1019|1017|Snow
34.05|-118.24|115|2016|12|6|13|10|6|71|61|50|1021|1019|1018|Snow
34.05|-118.24|115|2016|12|7|11|8|6|93|70|46|1023|1021|1018|Rain
34.05|-118.24|115|2016|12|8|16|13|9|96|92|87|1023|1020|1017|Rain
34.05|-118.24|115|2016|12|9|17|16|13|93|86|78|1025|1022|1020|Rain
34.05|-118.24|115|2016|12|10|16|14|11|93|85|77|1021|1019|1017|Rain
34.05|-118.24|115|2016|12|11|12|11|8|89|74|59|1023|1022|1021|Snow
34.05|-118.24|115|2016|12|12|13|11|9|83|75|66|1022|1021|1019|Snow
34.05|-118.24|115|2016|12|13|13|12|10|86|79|71|1021|1019|1018|Rain
34.05|-118.24|115|2016|12|14|17|14|11|93|83|72|1018|1016|1015|Rain
34.05|-118.24|115|2016|12|15|16|-8|-32|93|87|80|1015|1008|1003|Rain
34.05|-118.24|115|2016|12|16|12|10|7|71|63|54|1020|1014|1007|Snow
34.05|-118.24|115|2016|12|17|11|7|3|70|55|39|1027|1025|1021|Snow
34.05|-118.24|115|2016|12|18|12|7|3|85|58|30|1029|1028|1026|Snow
34.05|-118.24|115|2016|12|19|13|8|2|85|63|41|1031|1029|1027|Snow
34.05|-118.24|115|2016|12|20|13|9|4|82|68|54|1028|1025|1022|Snow
34.05|-118.24|115|2016|12|21|17|12|7|83|60|36|1022|1019|1016|Snow
34.05|-118.24|115|2016|12|22|14|10|6|86|74|62|1017|1016|1014|Snow
34.05|-118.24|115|2016|12|23|14|11|8|86|75|63|1014|1011|1009|Rain
34.05|-118.24|115|2016|12|24|11|9|6|83|69|54|1016|1013|1011|Rain
34.05|-118.24|115|2016|12|25|12|7|3|85|70|54|1022|1018|1016|Snow
34.05|-118.24|115|2016|12|26|12|8|5|70|56|41|1028|1026|1022|Snow
34.05|-118.24|115|2016|12|27|12|8|4|76|59|41|1028|1027|1026|Snow
34.05|-118.24|115|2016|12|28|14|9|4|86|63|40|1027|1025|1023|Snow
34.05|-118.24|115|2016|12|29|14|10|5|83|67|51|1023|1021|1020|Snow
34.05|-118.24|115|2016|12|30|13|10|6|83|73|63|1019|1016|1013|Snow
34.05|-118.24|115|2016|12|31|12|9|7|77|65|52|1015|1014|1012|Rain
34.05|-118.24|115|2017|1|1|12|10|8|80|65|45|1015|1014|1013|Rain
34.05|-118.24|115|2017|1|2|11|9|7|89|76|56|1019|1017|1015|Rain
34.05|-118.24|115|2017|1|3|15|11|8|93|85|77|1020|1015|1011|Rain
34.05|-118.24|115|2017|1|4|15|11|8|93|87|73|1015|1014|1011|Rain
34.05|-118.24|115|2017|1|5|11|8|5|86|66|45|1020|1017|1015|Snow
34.05|-118.24|115|2017|1|6|9|7|3|70|58|45|1021|1019|1016|Rain
34.05|-118.24|115|2017|1|7|17|12|7|93|86|78|1016|1014|1012|Rain
34.05|-118.24|115|2017|1|8|18|15|12|93|86|78|1015|1012|1010|Cloudy
34.05|-118.24|115|2017|1|9|15|13|12|83|75|67|1020|1017|1014|Rain
34.05|-118.24|115|2017|1|10|16|14|13|87|83|78|1016|1011|1005|Rain
34.05|-118.24|115|2017|1|11|14|12|10|83|75|66|1014|1012|1008|Rain
34.05|-118.24|115|2017|1|12|11|9|7|93|80|66|1018|1014|1011|Rain
34.05|-118.24|115|2017|1|13|14|9|4|89|66|43|1023|1021|1018|Snow
34.05|-118.24|115|2017|1|14|14|9|4|86|65|43|1024|1022|1021|Snow
34.05|-118.24|115|2017|1|15|11|8|5|96|82|68|1022|1021|1020|Snow
34.05|-118.24|115|2017|1|16|12|9|7|86|73|59|1022|1021|1019|Snow
34.05|-118.24|115|2017|1|17|11|8|5|89|80|71|1021|1020|1019|Snow
34.05|-118.24|115|2017|1|18|13|11|9|89|83|77|1019|1012|1006|Rain
34.05|-118.24|115|2017|1|19|14|13|11|77|70|62|1012|1010|1004|Cloudy
34.05|-118.24|115|2017|1|20|13|1|-12|86|77|68|1003|995|993|Cloudy
34.05|-118.24|115|2017|1|21|13|11|9|80|71|61|1011|1008|1000|Rain
34.05|-118.24|115|2017|1|22|14|11|8|83|69|55|1009|1005|1003|Cloudy
34.05|-118.24|115|2017|1|23|12|10|7|86|73|59|1013|1010|1007|Rain
34.05|-118.24|115|2017|1|24|12|9|5|89|74|59|1024|1019|1012|Snow
34.05|-118.24|115|2017|1|25|13|9|5|89|74|59|1029|1027|1024|Snow
34.05|-118.24|115|2017|1|26|13|10|6|92|74|55|1032|1030|1029|Snow
34.05|-118.24|115|2017|1|27|14|10|5|83|62|40|1036|1034|1032|Snow
34.05|-118.24|115|2017|1|28|15|10|5|86|67|47|1035|1033|1032|Snow
34.05|-118.24|115|2017|1|29|16|11|5|89|72|55|1032|1029|1026|Snow
34.05|-118.24|115|2017|1|30|16|11|6|89|69|49|1025|1023|1021|Snow
34.05|-118.24|115|2017|1|31|15|11|6|92|75|57|1021|1019|1016|Snow
34.05|-118.24|115|2017|2|1|13|11|8|89|78|66|1016|1014|1012|Rain
34.05|-118.24|115|2017|2|2|17|14|11|86|82|78|1016|1014|1012|Rain
34.05|-118.24|115|2017|2|3|16|14|13|86|79|72|1018|1014|1010|Rain
34.05|-118.24|115|2017|2|4|16|14|12|86|78|69|1021|1019|1018|Rain
34.05|-118.24|115|2017|2|5|16|13|10|89|77|64|1018|1011|1007|Rain
34.05|-118.24|115|2017|2|6|16|14|13|86|81|75|1012|1010|1007|Rain
34.05|-118.24|115|2017|2|7|17|16|13|93|86|78|1019|1012|1006|Cloudy
34.05|-118.24|115|2017|2|8|18|16|13|93|83|73|1020|1018|1017|Rain
34.05|-118.24|115|2017|2|9|17|16|14|90|81|72|1017|1014|1012|Rain
34.05|-118.24|115|2017|2|10|17|14|11|93|75|57|1021|1017|1015|Rain
34.05|-118.24|115|2017|2|11|15|12|8|83|67|51|1024|1023|1021|Snow
34.05|-118.24|115|2017|2|12|18|12|7|89|60|31|1025|1023|1021|Snow
34.05|-118.24|115|2017|2|13|17|13|8|86|75|64|1023|1021|1019|Snow
34.05|-118.24|115|2017|2|14|19|14|9|89|71|52|1021|1020|1017|Snow
34.05|-118.24|115|2017|2|15|17|14|11|89|68|46|1021|1017|1014|Snow
34.05|-118.24|115|2017|2|16|18|16|13|86|71|56|1015|1012|1007|Rain
34.05|-118.24|115|2017|2|17|15|14|12|93|85|77|1005|993|987|Rain
34.05|-118.24|115|2017|2|18|14|12|10|83|71|59|1010|1001|993|Rain
34.05|-118.24|115|2017|2|19|14|12|10|80|72|63|1012|1010|1009|Rain
34.05|-118.24|115|2017|2|20|16|14|12|93|83|72|1017|1013|1010|Rain
34.05|-118.24|115|2017|2|21|16|13|10|89|77|64|1025|1022|1019|Rain
34.05|-118.24|115|2017|2|22|13|10|7|89|70|50|1026|1024|1023|Snow
34.05|-118.24|115|2017|2|23|12|9|6|70|58|46|1024|1023|1022|Snow
34.05|-118.24|115|2017|2|24|12|8|4|79|57|35|1025|1024|1023|Snow
34.05|-118.24|115|2017|2|25|13|10|7|89|64|38|1023|1020|1017|Rain
34.05|-118.24|115|2017|2|26|14|9|4|77|64|51|1017|1015|1013|Rain
34.05|-118.24|115|2017|2|27|13|9|6|89|70|50|1017|1015|1013|Rain
34.05|-118.24|115|2017|2|28|14|10|6|80|64|47|1028|1023|1017|Snow
34.05|-118.24|115|2017|3|1|17|12|6|89|64|39|1030|1029|1027|Snow
34.05|-118.24|115|2017|3|2|19|13|6|86|65|44|1028|1026|1023|Snow
34.05|-118.24|115|2017|3|3|17|12|7|89|77|64|1023|1019|1016|Snow
34.05|-118.24|115|2017|3|4|16|13|11|89|75|60|1016|1014|1011|Rain
34.05|-118.24|115|2017|3|5|12|9|6|82|65|48|1021|1015|1010|Cloudy
34.05|-118.24|115|2017|3|6|13|10|6|86|73|59|1027|1025|1021|Cloudy
34.05|-118.24|115|2017|3|7|15|11|6|89|76|62|1028|1027|1026|Snow
34.05|-118.24|115|2017|3|8|18|13|8|93|75|56|1027|1025|1023|Snow
34.05|-118.24|115|2017|3|9|19|15|10|93|80|67|1024|1023|1021|Fog
34.05|-118.24|115|2017|3|10|19|16|11|89|76|63|1023|1021|1019|Snow
34.05|-118.24|115|2017|3|11|18|14|10|93|73|52|1023|1021|1019|Snow
34.05|-118.24|115|2017|3|12|21|15|9|89|67|45|1023|1021|1020|Snow
34.05|-118.24|115|2017|3|13|25|17|9|80|63|30|1021|1019|1016|Snow
34.05|-118.24|115|2017|3|14|24|18|12|86|65|44|1019|1017|1016|Snow
34.05|-118.24|115|2017|3|15|17|14|11|89|78|67|1022|1020|1018|Snow
34.05|-118.24|115|2017|3|16|18|14|11|100|81|62|1024|1022|1020|Snow
34.05|-118.24|115|2017|3|17|22|16|9|83|57|31|1020|1017|1015|Snow
34.05|-118.24|115|2017|3|18|21|16|12|93|61|28|1019|1017|1015|Snow
34.05|-118.24|115|2017|3|19|17|15|12|93|81|69|1018|1017|1015|Snow
34.05|-118.24|115|2017|3|20|17|15|13|100|80|60|1016|1014|1012|Rain
34.05|-118.24|115|2017|3|21|18|16|14|87|74|60|1015|1013|1010|Rain
34.05|-118.24|115|2017|3|22|15|13|11|89|73|57|1021|1018|1014|Rain
34.05|-118.24|115|2017|3|23|16|13|10|77|64|51|1024|1023|1021|Snow
34.05|-118.24|115|2017|3|24|14|13|12|93|76|59|1023|1021|1020|Rain
34.05|-118.24|115|2017|3|25|16|14|11|93|77|60|1022|1021|1020|Snow
34.05|-118.24|115|2017|3|26|17|14|11|86|69|52|1020|1019|1017|Rain
34.05|-118.24|115|2017|3|27|16|13|11|83|69|55|1025|1023|1020|Snow
34.05|-118.24|115|2017|3|28|20|14|9|86|67|48|1024|1023|1021|Snow
34.05|-118.24|115|2017|3|29|18|15|12|86|73|60|1023|1022|1021|Snow
34.05|-118.24|115|2017|3|30|16|13|11|93|71|49|1021|1019|1017|Rain
34.05|-118.24|115|2017|3|31|20|17|13|67|47|27|1018|1015|1013|Snow
34.05|-118.24|115|2017|4|1|26|19|12|89|55|21|1017|1016|1015|Snow
34.05|-118.24|115|2017|4|2|23|17|11|89|65|41|1017|1016|1013|Fog
34.05|-118.24|115|2017|4|3|20|15|9|71|50|29|1016|1015|1014|Snow
34.05|-118.24|115|2017|4|4|22|16|9|80|56|31|1019|1017|1015|Snow
34.05|-118.24|115|2017|4|5|20|16|11|69|40|11|1019|1016|1014|Snow
34.05|-118.24|115|2017|4|6|18|14|10|86|51|16|1014|1010|1006|Rain
34.05|-118.24|115|2017|4|7|18|14|10|86|73|60|1012|1011|1008|Rain
34.05|-118.24|115|2017|4|8|13|11|8|83|69|55|1023|1018|1012|Cloudy
34.05|-118.24|115|2017|4|9|16|12|7|80|64|47|1024|1023|1022|Snow
34.05|-118.24|115|2017|4|10|18|13|8|83|70|56|1024|1022|1018|Snow
34.05|-118.24|115|2017|4|11|19|16|12|86|65|43|1018|1016|1015|Rain
34.05|-118.24|115|2017|4|12|18|15|12|93|73|52|1016|1014|1012|Rain
34.05|-118.24|115|2017|4|13|15|13|10|83|70|57|1023|1017|1013|Snow
34.05|-118.24|115|2017|4|14|16|12|8|77|62|46|1024|1022|1021|Snow
34.05|-118.24|115|2017|4|15|19|14|8|82|63|43|1021|1017|1014|Snow
34.05|-118.24|115|2017|4|16|16|13|11|86|63|39|1015|1014|1013|Rain
34.05|-118.24|115|2017|4|17|17|14|12|100|84|67|1019|1017|1015|Rain
34.05|-118.24|115|2017|4|18|19|16|11|93|75|56|1023|1020|1017|Rain
34.05|-118.24|115|2017|4|19|19|14|9|86|66|45|1024|1023|1022|Rain
34.05|-118.24|115|2017|4|20|18|16|12|93|73|52|1027|1025|1024|Rain
34.05|-118.24|115|2017|4|21|23|17|11|83|56|29|1024|1019|1015|Snow
34.05|-118.24|115|2017|4|22|18|14|11|83|63|42|1017|1016|1016|Snow
34.05|-118.24|115|2017|4|23|18|15|12|83|68|52|1017|1016|1015|Snow
34.05|-118.24|115|2017|4|24|17|14|12|83|76|69|1019|1018|1017|Snow
34.05|-118.24|115|2017|4|25|18|14|11|83|70|56|1020|1019|1017|Snow
34.05|-118.24|115|2017|4|26|18|15|12|93|86|78|1020|1018|1016|Snow
34.05|-118.24|115|2017|4|27|18|15|11|89|69|48|1019|1017|1016|Snow
34.05|-118.24|115|2017|4|28|20|15|9|80|60|40|1019|1017|1016|Snow
34.05|-118.24|115|2017|4|29|25|19|12|77|51|25|1021|1019|1017|Snow
34.05|-118.24|115|2017|4|30|23|17|10|83|61|38|1021|1020|1018|Snow
34.05|-118.24|115|2017|5|1|29|21|12|80|52|24|1019|1016|1013|Snow
34.05|-118.24|115|2017|5|2|29|22|14|72|53|34|1015|1014|1012|Snow
34.05|-118.24|115|2017|5|3|31|21|12|86|59|31|1014|1013|1012|Snow
34.05|-118.24|115|2017|5|4|19|15|11|89|76|63|1015|1013|1012|Snow
34.05|-118.24|115|2017|5|5|17|14|11|89|72|55|1014|1014|1012|Snow
34.05|-118.24|115|2017|5|6|17|14|10|77|62|46|1011|1009|1007|Snow
34.05|-118.24|115|2017|5|7|21|16|10|80|58|35|1013|1009|1006|Snow
34.05|-118.24|115|2017|5|8|21|16|10|80|62|44|1014|1013|1011|Snow
34.05|-118.24|115|2017|5|9|24|17|11|77|61|44|1013|1011|1009|Snow
34.05|-118.24|115|2017|5|10|20|16|12|77|65|52|1020|1017|1013|Snow
34.05|-118.24|115|2017|5|11|21|16|11|83|66|49|1022|1021|1020|Snow
34.05|-118.24|115|2017|5|12|18|14|11|83|63|43|1022|1021|1020|Snow
34.05|-118.24|115|2017|5|13|18|14|9|80|62|43|1020|1019|1015|Snow
34.05|-118.24|115|2017|5|14|17|13|9|86|67|48|1015|1013|1012|Snow
34.05|-118.24|115|2017|5|15|17|14|10|80|66|52|1015|1013|1011|Snow
34.05|-118.24|115|2017|5|16|17|14|11|83|74|64|1019|1017|1015|Rain
34.05|-118.24|115|2017|5|17|19|14|10|89|66|43|1019|1017|1015|Snow
34.05|-118.24|115|2017|5|18|24|17|9|86|62|38|1017|1015|1013|Snow
34.05|-118.24|115|2017|5|19|27|19|11|77|58|38|1015|1014|1012|Snow
34.05|-118.24|115|2017|5|20|31|21|11|89|55|21|1015|1013|1012|Snow
34.05|-118.24|115|2017|5|21|25|18|12|83|62|40|1015|1013|1012|Snow
34.05|-118.24|115|2017|5|22|21|16|11|89|71|53|1015|1014|1013|Snow
34.05|-118.24|115|2017|5|23|21|16|11|93|76|58|1015|1014|1013|Snow
34.05|-118.24|115|2017|5|24|21|16|12|89|69|49|1013|1010|1007|Snow
34.05|-118.24|115|2017|5|25|18|16|13|77|65|52|1011|1009|1007|Snow
34.05|-118.24|115|2017|5|26|18|16|12|72|64|56|1018|1014|1012|Snow
34.05|-118.24|115|2017|5|27|19|16|12|77|65|52|1020|1019|1017|Snow
34.05|-118.24|115|2017|5|28|18|15|12|89|77|65|1020|1019|1017|Snow
34.05|-118.24|115|2017|5|29|16|14|12|89|78|67|1017|1015|1014|Snow
34.05|-118.24|115|2017|5|30|17|14|11|89|77|64|1016|1015|1013|Snow
34.05|-118.24|115|2017|5|31|21|17|12|86|68|49|1015|1014|1014|Sunny
34.05|-118.24|115|2017|6|1|21|17|13|86|73|59|1015|1015|1014|Sunny
34.05|-118.24|115|2017|6|2|22|17|12|83|64|44|1015|1014|1013|Sunny
34.05|-118.24|115|2017|6|3|19|16|12|89|71|52|1014|1013|1013|Sunny
34.05|-118.24|115|2017|6|4|19|16|12|83|66|48|1015|1014|1013|Sunny
34.05|-118.24|115|2017|6|5|23|17|11|83|65|47|1014|1013|1012|Sunny
34.05|-118.24|115|2017|6|6|18|15|11|89|73|56|1015|1014|1013|Sunny
34.05|-118.24|115|2017|6|7|20|16|12|83|65|46|1014|1013|1013|Sunny
34.05|-118.24|115|2017|6|8|19|17|15|93|70|46|1017|1015|1013|Rain
34.05|-118.24|115|2017|6|9|19|16|13|87|68|48|1016|1015|1014|Sunny
34.05|-118.24|115|2017|6|10|20|16|12|83|64|45|1016|1015|1014|Sunny
34.05|-118.24|115|2017|6|11|18|15|12|77|65|52|1016|1014|1013|Sunny
34.05|-118.24|115|2017|6|12|18|15|12|83|70|56|1021|1019|1016|Sunny
34.05|-118.24|115|2017|6|13|21|16|11|83|66|48|1020|1017|1015|Sunny
34.05|-118.24|115|2017|6|14|23|17|12|83|64|44|1016|1015|1014|Sunny
34.05|-118.24|115|2017|6|15|22|18|13|80|64|47|1018|1017|1016|Sunny
34.05|-118.24|115|2017|6|16|24|19|14|86|68|49|1017|1015|1013|Sunny
34.05|-118.24|115|2017|6|17|25|19|13|86|65|43|1014|1012|1009|Sunny
34.05|-118.24|115|2017|6|18|36|27|17|70|47|24|1010|1008|1006|Sunny
34.05|-118.24|115|2017|6|19|25|20|14|80|63|46|1010|1009|1007|Sunny
34.05|-118.24|115|2017|6|20|22|18|13|86|70|53|1011|1011|1010|Sunny
34.05|-118.24|115|2017|6|21|24|18|12|93|70|46|1010|1008|1005|Sunny
34.05|-118.24|115|2017|6|22|27|21|15|84|63|42|1010|1007|1005|Sunny
34.05|-118.24|115|2017|6|23|23|19|14|87|74|61|1014|1012|1010|Sunny
34.05|-118.24|115|2017|6|24|21|17|14|93|76|59|1015|1014|1013|Sunny
34.05|-118.24|115|2017|6|25|20|17|14|86|72|58|1017|1015|1014|Sunny
34.05|-118.24|115|2017|6|26|23|19|15|78|66|53|1018|1016|1015|Sunny
34.05|-118.24|115|2017|6|27|19|17|14|93|78|63|1016|1015|1014|Sunny
34.05|-118.24|115|2017|6|28|19|17|14|80|72|63|1015|1014|1013|Sunny
34.05|-118.24|115|2017|6|29|19|16|13|86|72|58|1016|1015|1014|Sunny
34.05|-118.24|115|2017|6|30|18|16|12|89|75|60|1016|1015|1013|Sunny
17.37|78.47|494|2016|7|1|32|28|24|79|67|50|1008|1005|999|Rain
17.37|78.47|494|2016|7|2|32|28|24|89|70|53|1009|1006|1000|Sunny
17.37|78.47|494|2016|7|3|33|29|24|83|67|42|1010|1007|1001|Rain
17.37|78.47|494|2016|7|4|34|29|24|83|65|44|1011|1008|1001|Sunny
17.37|78.47|494|2016|7|5|32|28|23|79|69|53|1010|1008|1003|Rain
17.37|78.47|494|2016|7|6|30|27|23|94|76|39|1011|1008|1002|Cloudy
17.37|78.47|494|2016|7|7|31|27|22|94|76|58|1011|1008|1004|Cloudy
17.37|78.47|494|2016|7|8|33|27|21|94|70|48|1011|1008|1002|Rain
17.37|78.47|494|2016|7|9|32|28|24|89|70|46|1011|1008|1003|Sunny
17.37|78.47|494|2016|7|10|37|30|23|94|73|44|1012|1009|1003|Rain
17.37|78.47|494|2016|7|11|30|27|24|89|74|64|1012|1009|1004|Rain
17.37|78.47|494|2016|7|12|32|28|23|94|70|45|1011|1008|1002|Rain
17.37|78.47|494|2016|7|13|31|27|23|94|77|51|1010|1007|1001|Cloudy
17.37|78.47|494|2016|7|14|29|26|22|100|84|64|1009|1007|1001|Rain
17.37|78.47|494|2016|7|15|31|27|22|100|75|60|1010|1007|1001|Rain
17.37|78.47|494|2016|7|16|29|26|22|96|86|66|1009|1007|1001|Rain
17.37|78.47|494|2016|7|17|26|24|22|100|93|78|1008|1006|1002|Rain
17.37|78.47|494|2016|7|18|33|29|24|69|55|40|1013|1011|1005|Rain
17.37|78.47|494|2016|7|19|32|27|22|94|71|49|1013|1010|1006|Rain
17.37|78.47|494|2016|7|20|28|24|21|97|80|34|1013|1010|1006|Rain
17.37|78.47|494|2016|7|21|30|26|21|94|73|56|1011|1009|1002|Rain
17.37|78.47|494|2016|7|22|30|26|22|95|76|64|1010|1008|1002|Rain
17.37|78.47|494|2016|7|23|29|26|22|91|78|65|1009|1007|1002|Rain
17.37|78.47|494|2016|7|24|29|26|22|85|74|65|1009|1007|1001|Sunny
17.37|78.47|494|2016|7|25|31|27|22|87|72|58|1009|1007|1001|Rain
17.37|78.47|494|2016|7|26|33|28|23|90|70|50|1010|1007|1002|Rain
17.37|78.47|494|2016|7|27|33|27|22|100|79|48|1010|1008|1002|Cloudy
17.37|78.47|494|2016|7|28|32|27|22|94|84|59|1011|1009|1004|Cloudy
17.37|78.47|494|2016|7|29|33|28|22|94|75|54|1011|1008|1003|Cloudy
17.37|78.47|494|2016|7|30|31|27|22|95|76|58|1010|1007|1001|Cloudy
17.37|78.47|494|2016|7|31|30|26|22|95|81|66|1009|1007|1002|Rain
17.37|78.47|494|2016|8|1|27|23|21|95|81|73|1009|1007|1002|Rain
17.37|78.47|494|2016|8|2|27|24|22|83|73|64|1006|1004|999|Rain
17.37|78.47|494|2016|8|3|27|24|22|91|77|66|1006|1004|999|Rain
17.37|78.47|494|2016|8|4|32|27|21|90|77|60|1007|1005|1000|Rain
17.37|78.47|494|2016|8|5|29|26|22|86|73|61|1008|1006|1000|Rain
17.37|78.47|494|2016|8|6|31|27|23|83|67|54|1008|1006|1000|Sunny
17.37|78.47|494|2016|8|7|31|27|23|78|64|51|1010|1007|1003|Sunny
17.37|78.47|494|2016|8|8|32|27|22|81|62|48|1011|1009|1003|Sunny
17.37|78.47|494|2016|8|9|31|27|22|78|64|52|1011|1008|1003|Rain
17.37|78.47|494|2016|8|10|32|27|22|75|61|48|1011|1009|1003|Sunny
17.37|78.47|494|2016|8|11|33|28|23|78|60|43|1013|1010|1004|Sunny
17.37|78.47|494|2016|8|12|33|28|23|83|66|51|1013|1010|1005|Rain
17.37|78.47|494|2016|8|13|32|27|22|82|64|48|1011|1008|1002|Rain
17.37|78.47|494|2016|8|14|30|27|23|74|60|49|1009|1007|1003|Sunny
17.37|78.47|494|2016|8|15|31|27|22|78|61|49|1010|1007|1002|Sunny
17.37|78.47|494|2016|8|16|31|27|22|83|58|46|1008|1006|1001|Sunny
17.37|78.47|494|2016|8|17|32|27|21|77|57|43|1008|1006|1000|Sunny
17.37|78.47|494|2016|8|18|33|27|22|82|57|41|1009|1006|1001|Sunny
17.37|78.47|494|2016|8|19|33|28|22|78|52|35|1010|1007|1001|Sunny
17.37|78.47|494|2016|8|20|34|28|23|76|49|32|1010|1007|1002|Sunny
17.37|78.47|494|2016|8|21|35|29|23|73|49|30|1010|1008|1002|Sunny
17.37|78.47|494|2016|8|22|34|29|24|70|53|40|1011|1009|1003|Sunny
17.37|78.47|494|2016|8|23|34|29|24|73|54|43|1011|1008|1001|Sunny
17.37|78.47|494|2016|8|24|34|29|24|78|60|48|1011|1007|1002|Rain
17.37|78.47|494|2016|8|25|31|27|23|95|76|58|1011|1008|1004|Cloudy
17.37|78.47|494|2016|8|26|33|28|23|94|62|43|1011|1008|1002|Sunny
17.37|78.47|494|2016|8|27|34|29|23|96|60|43|1010|1007|1001|Rain
17.37|78.47|494|2016|8|28|32|27|21|96|72|58|1012|1009|1003|Rain
17.37|78.47|494|2016|8|29|32|28|23|86|71|56|1011|1008|1001|Rain
17.37|78.47|494|2016|8|30|27|24|23|93|84|78|1010|1007|1001|Cloudy
17.37|78.47|494|2016|8|31|25|23|21|99|86|78|1011|1008|1002|Cloudy
17.37|78.47|494|2016|9|1|32|26|21|93|79|62|1012|1009|1004|Rain
17.37|78.47|494|2016|9|2|31|27|22|94|70|51|1012|1009|1003|Cloudy
17.37|78.47|494|2016|9|3|31|27|22|97|71|58|1012|1009|1004|Rain
17.37|78.47|494|2016|9|4|29|26|22|89|72|57|1014|1011|1006|Sunny
17.37|78.47|494|2016|9|5|31|26|21|91|61|48|1014|1011|1006|Sunny
17.37|78.47|494|2016|9|6|31|26|22|81|61|48|1015|1012|1007|Sunny
17.37|78.47|494|2016|9|7|31|26|21|85|60|46|1014|1011|1005|Sunny
17.37|78.47|494|2016|9|8|31|26|21|85|60|45|1014|1011|1005|Sunny
17.37|78.47|494|2016|9|9|31|27|22|78|64|49|1014|1011|1006|Sunny
17.37|78.47|494|2016|9|10|27|23|21|92|79|69|1013|1011|1006|Rain
17.37|78.47|494|2016|9|11|28|24|21|94|84|69|1012|1009|1005|Rain
17.37|78.47|494|2016|9|12|28|24|21|88|75|67|1011|1008|1004|Rain
17.37|78.47|494|2016|9|13|26|22|18|94|89|83|1012|1009|1004|Cloudy
17.37|78.47|494|2016|9|14|27|23|21|99|89|78|1011|1008|1003|Cloudy
17.37|78.47|494|2016|9|15|27|24|21|99|89|83|1009|1007|1002|Rain
17.37|78.47|494|2016|9|16|29|26|22|100|82|66|1009|1007|1002|Cloudy
17.37|78.47|494|2016|9|17|27|24|22|95|82|74|1010|1008|1003|Rain
17.37|78.47|494|2016|9|18|30|26|21|83|69|54|1018|1010|1004|Sunny
17.37|78.47|494|2016|9|19|29|24|21|95|74|62|1012|1009|1004|Rain
17.37|78.47|494|2016|9|20|30|26|21|97|79|61|1011|1009|1002|Cloudy
17.37|78.47|494|2016|9|21|27|24|21|97|87|78|1011|1009|1003|Cloudy
17.37|78.47|494|2016|9|22|29|26|22|97|84|70|1011|1008|1004|Cloudy
17.37|78.47|494|2016|9|23|24|22|21|95|88|83|1008|1006|1001|Cloudy
17.37|78.47|494|2016|9|24|26|23|21|97|88|83|1007|1004|1000|Rain
17.37|78.47|494|2016|9|25|26|23|21|96|87|78|1008|1005|1001|Rain
17.37|78.47|494|2016|9|26|29|25|21|98|82|64|1011|1008|1003|Rain
17.37|78.47|494|2016|9|27|29|26|21|97|80|67|1012|1009|1003|Rain
17.37|78.47|494|2016|9|28|32|27|22|89|73|53|1011|1008|1002|Sunny
17.37|78.47|494|2016|9|29|31|27|22|91|69|51|1011|1008|1001|Sunny
17.37|78.47|494|2016|9|30|29|26|22|83|73|62|1010|1007|1001|Rain
17.37|78.47|494|2016|10|1|28|23|19|97|81|70|1011|1008|1002|Cloudy
17.37|78.47|494|2016|10|2|31|26|21|92|67|49|1013|1010|1005|Sunny
17.37|78.47|494|2016|10|3|32|27|21|84|61|43|1014|1011|1005|Sunny
17.37|78.47|494|2016|10|4|32|27|22|80|62|42|1014|1011|1005|Rain
17.37|78.47|494|2016|10|5|31|26|22|83|68|52|1013|1010|1005|Rain
17.37|78.47|494|2016|10|6|32|27|22|81|62|43|1014|1011|1005|Sunny
17.37|78.47|494|2016|10|7|31|27|23|84|66|52|1013|1010|1005|Rain
17.37|78.47|494|2016|10|8|28|24|21|92|83|74|1014|1011|1005|Rain
17.37|78.47|494|2016|10|9|28|24|21|95|83|69|1014|1011|1005|Rain
17.37|78.47|494|2016|10|10|32|27|22|92|71|49|1014|1010|1005|Sunny
17.37|78.47|494|2016|10|11|33|27|22|92|66|45|1014|1011|1005|Sunny
17.37|78.47|494|2016|10|12|33|28|22|88|65|30|1013|1009|1005|Sunny
17.37|78.47|494|2016|10|13|33|26|19|87|54|24|1011|1009|1007|Sunny
17.37|78.47|494|2016|10|14|32|24|18|79|41|18|1016|1012|1007|Sunny
17.37|78.47|494|2016|10|15|32|24|18|82|41|23|1016|1013|1007|Sunny
17.37|78.47|494|2016|10|16|32|24|18|77|41|25|1017|1014|1008|Sunny
17.37|78.47|494|2016|10|17|32|24|17|77|38|17|1016|1013|1007|Sunny
17.37|78.47|494|2016|10|18|32|24|17|77|41|21|1015|1011|1006|Sunny
17.37|78.47|494|2016|10|19|32|24|17|78|43|24|1014|1011|1005|Sunny
17.37|78.47|494|2016|10|20|32|24|17|82|42|19|1013|1010|1005|Sunny
17.37|78.47|494|2016|10|21|32|24|16|82|42|20|1014|1011|1006|Sunny
17.37|78.47|494|2016|10|22|32|24|17|82|37|18|1015|1013|1007|Sunny
17.37|78.47|494|2016|10|23|32|24|17|77|41|24|1017|1013|1007|Sunny
17.37|78.47|494|2016|10|24|32|26|19|77|47|27|1016|1013|1008|Sunny
17.37|78.47|494|2016|10|25|32|26|19|76|43|28|1016|1012|1006|Sunny
17.37|78.47|494|2016|10|26|32|24|18|77|40|27|1016|1013|1008|Sunny
17.37|78.47|494|2016|10|27|31|24|18|77|38|19|1018|1014|1009|Sunny
17.37|78.47|494|2016|10|28|32|24|16|67|43|31|1017|1014|1007|Sunny
17.37|78.47|494|2016|10|29|31|26|21|72|55|43|1017|1014|1008|Sunny
17.37|78.47|494|2016|10|30|32|27|23|84|62|43|1017|1014|1008|Rain
17.37|78.47|494|2016|10|31|31|26|21|90|67|48|1020|1017|1012|Rain
17.37|78.47|494|2016|11|1|32|26|20|81|48|31|1019|1016|1010|Sunny
17.37|78.47|494|2016|11|2|32|25|18|79|50|33|1018|1015|1009|Sunny
17.37|78.47|494|2016|11|3|33|26|19|87|53|33|1018|1015|1009|Sunny
17.37|78.47|494|2016|11|4|32|25|18|81|43|26|1016|1012|1007|Sunny
17.37|78.47|494|2016|11|5|32|24|18|81|49|29|1015|1012|1006|Sunny
17.37|78.47|494|2016|11|6|31|24|18|84|48|31|1017|1014|1008|Sunny
17.37|78.47|494|2016|11|7|31|22|14|73|35|17|1019|1016|1010|Sunny
17.37|78.47|494|2016|11|8|31|22|14|73|33|16|1020|1016|1011|Sunny
17.37|78.47|494|2016|11|9|31|22|14|77|37|19|1020|1017|1011|Sunny
17.37|78.47|494|2016|11|10|31|22|13|77|34|15|1020|1017|1010|Sunny
17.37|78.47|494|2016|11|11|31|21|12|72|34|17|1019|1016|1010|Sunny
17.37|78.47|494|2016|11|12|30|22|13|81|39|18|1020|1017|1011|Sunny
17.37|78.47|494|2016|11|13|31|23|17|74|44|27|1021|1017|1012|Sunny
17.37|78.47|494|2016|11|14|31|24|18|82|57|30|1020|1016|1011|Sunny
17.37|78.47|494|2016|11|15|31|27|22|88|69|49|1020|1016|1011|Sunny
17.37|78.47|494|2016|11|16|32|26|19|83|59|36|1020|1016|1010|Sunny
17.37|78.47|494|2016|11|17|31|24|19|73|59|38|1020|1017|1011|Sunny
17.37|78.47|494|2016|11|18|30|23|16|88|46|22|1020|1016|1010|Sunny
17.37|78.47|494|2016|11|19|30|22|13|94|47|20|1018|1014|1009|Sunny
17.37|78.47|494|2016|11|20|31|22|13|88|48|25|1019|1013|953|Sunny
17.37|78.47|494|2016|11|21|32|22|13|87|44|20|1018|1016|1010|Sunny
17.37|78.47|494|2016|11|22|32|22|13|84|39|17|1018|1015|1009|Sunny
17.37|78.47|494|2016|11|23|31|22|13|82|39|20|1018|1015|1009|Sunny
17.37|78.47|494|2016|11|24|31|22|14|78|42|22|1019|1015|1009|Sunny
17.37|78.47|494|2016|11|25|32|23|14|83|40|19|1018|1015|1009|Sunny
17.37|78.47|494|2016|11|26|32|22|12|82|36|15|1020|1016|1010|Sunny
17.37|78.47|494|2016|11|27|34|23|13|72|36|16|1019|1015|1009|Sunny
17.37|78.47|494|2016|11|28|33|23|13|80|35|20|1019|1015|1009|Sunny
17.37|78.47|494|2016|11|29|33|23|13|75|35|18|1019|1016|1011|Sunny
17.37|78.47|494|2016|11|30|30|22|13|77|50|33|1020|1017|1012|Sunny
17.37|78.47|494|2016|12|1|31|23|16|82|48|24|1019|1016|1010|Sunny
17.37|78.47|494|2016|12|2|29|22|16|80|62|48|1020|1016|1011|Sunny
17.37|78.47|494|2016|12|3|29|25|21|91|66|51|1021|1018|1013|Sunny
17.37|78.47|494|2016|12|4|29|26|21|91|65|49|1022|1019|1013|Sunny
17.37|78.47|494|2016|12|5|31|25|19|84|53|33|1021|1017|1011|Sunny
17.37|78.47|494|2016|12|6|29|22|14|85|54|32|1020|1017|1012|Sunny
17.37|78.47|494|2016|12|7|31|23|14|85|49|29|1020|1017|1011|Sunny
17.37|78.47|494|2016|12|8|30|22|14|83|44|22|1020|1016|1010|Sunny
17.37|78.47|494|2016|12|9|30|21|13|77|42|21|1018|1014|1008|Sunny
17.37|78.47|494|2016|12|10|29|21|12|77|41|21|1017|1014|1008|Sunny
17.37|78.47|494|2016|12|11|31|22|13|90|41|22|1016|1013|1007|Sunny
17.37|78.47|494|2016|12|12|32|24|18|56|40|28|1016|1013|1007|Sunny
17.37|78.47|494|2016|12|13|29|24|20|92|60|47|1016|1014|1008|Rain
17.37|78.47|494|2016|12|14|26|23|21|92|77|69|1019|1016|1011|Rain
17.37|78.47|494|2016|12|15|31|24|17|94|60|42|1020|1016|1011|Sunny
17.37|78.47|494|2016|12|16|30|25|20|86|64|43|1021|1018|1012|Sunny
17.37|78.47|494|2016|12|17|31|23|16|89|45|25|1022|1017|1012|Sunny
17.37|78.47|494|2016|12|18|31|23|14|78|43|26|1021|1018|1012|Sunny
17.37|78.47|494|2016|12|19|31|22|13|75|44|21|1021|1018|1012|Sunny
17.37|78.47|494|2016|12|20|31|21|12|78|45|25|1021|1017|1012|Sunny
17.37|78.47|494|2016|12|21|32|21|11|88|49|15|1021|1018|1012|Sunny
17.37|78.47|494|2016|12|22|32|21|11|82|42|17|1020|1017|1011|Sunny
17.37|78.47|494|2016|12|23|31|21|12|89|39|16|1018|1015|1009|Sunny
17.37|78.47|494|2016|12|24|31|21|11|82|42|19|1017|1014|1008|Sunny
17.37|78.47|494|2016|12|25|31|21|12|87|49|17|1018|1015|1009|Sunny
17.37|78.47|494|2016|12|26|32|23|14|90|50|26|1019|1016|1009|Sunny
17.37|78.47|494|2016|12|27|30|22|14|90|50|23|1020|1016|1011|Sunny
17.37|78.47|494|2016|12|28|29|20|12|71|47|30|1020|1017|1012|Sunny
17.37|78.47|494|2016|12|29|28|21|14|90|56|40|1021|1017|1011|Snow
17.37|78.47|494|2016|12|30|31|22|14|87|56|36|1021|1018|1012|Snow
17.37|78.47|494|2016|12|31|30|22|14|94|60|26|1020|1016|1010|Snow
17.37|78.47|494|2017|1|1|30|22|15|94|50|29|1020|1017|1011|Snow
17.37|78.47|494|2017|1|2|31|23|14|83|50|27|1020|1017|1011|Sunny
17.37|78.47|494|2017|1|3|30|23|16|87|49|28|1020|1017|1011|Sunny
17.37|78.47|494|2017|1|4|30|21|12|86|44|20|1020|1017|1011|Sunny
17.37|78.47|494|2017|1|5|30|21|12|79|42|22|1020|1016|1011|Sunny
17.37|78.47|494|2017|1|6|30|21|11|78|42|20|1019|1016|1010|Sunny
17.37|78.47|494|2017|1|7|31|22|14|83|49|27|1017|1013|1007|Sunny
17.37|78.47|494|2017|1|8|30|24|18|94|61|41|1017|1013|1008|Sunny
17.37|78.47|494|2017|1|9|30|24|18|78|55|28|1017|1013|1008|Sunny
17.37|78.47|494|2017|1|10|31|23|16|94|47|26|1017|1014|1009|Sunny
17.37|78.47|494|2017|1|11|30|23|16|73|41|21|1019|1015|1010|Sunny
17.37|78.47|494|2017|1|12|28|21|13|82|46|24|1018|1015|1009|Sunny
17.37|78.47|494|2017|1|13|28|21|14|82|54|36|1018|1015|1010|Sunny
17.37|78.47|494|2017|1|14|27|22|17|72|52|34|1020|1017|1012|Sunny
17.37|78.47|494|2017|1|15|28|22|17|87|57|35|1021|1018|1013|Snow
17.37|78.47|494|2017|1|16|31|22|14|81|43|23|1021|1017|1012|Sunny
17.37|78.47|494|2017|1|17|29|22|14|82|46|23|1021|1017|1012|Sunny
17.37|78.47|494|2017|1|18|29|23|17|72|42|21|1022|1019|1014|Sunny
17.37|78.47|494|2017|1|19|28|21|15|83|56|36|1023|1020|1014|Sunny
17.37|78.47|494|2017|1|20|30|22|13|82|45|20|1023|1019|1013|Sunny
17.37|78.47|494|2017|1|21|31|22|14|77|38|16|1023|1020|1014|Sunny
17.37|78.47|494|2017|1|22|32|23|16|72|42|23|1024|1020|1014|Sunny
17.37|78.47|494|2017|1|23|31|24|17|82|45|28|1023|1019|1014|Sunny
17.37|78.47|494|2017|1|24|31|23|17|77|44|23|1023|1019|1014|Sunny
17.37|78.47|494|2017|1|25|30|23|17|82|47|29|1023|1019|1014|Sunny
17.37|78.47|494|2017|1|26|28|24|20|68|51|35|1021|1019|1013|Sunny
17.37|78.47|494|2017|1|27|31|26|19|77|53|38|1020|1017|1011|Sunny
17.37|78.47|494|2017|1|28|31|25|19|88|57|32|1021|1017|1011|Sunny
17.37|78.47|494|2017|1|29|33|24|16|77|39|18|1021|1018|1012|Sunny
17.37|78.47|494|2017|1|30|32|23|14|77|36|17|1021|1017|1011|Sunny
17.37|78.47|494|2017|1|31|33|24|14|82|45|19|1020|1016|1010|Sunny
17.37|78.47|494|2017|2|1|32|24|17|88|46|22|1019|1016|1011|Sunny
17.37|78.47|494|2017|2|2|31|24|18|82|50|26|1021|1018|1013|Sunny
17.37|78.47|494|2017|2|3|32|24|18|88|42|24|1022|1017|1012|Sunny
17.37|78.47|494|2017|2|4|31|23|15|77|41|20|1020|1016|1010|Sunny
17.37|78.47|494|2017|2|5|33|24|17|82|40|19|1020|1016|1010|Sunny
17.37|78.47|494|2017|2|6|33|26|18|82|40|20|1020|1015|1009|Sunny
17.37|78.47|494|2017|2|7|33|25|17|77|40|22|1018|1015|1010|Sunny
17.37|78.47|494|2017|2|8|33|24|17|72|41|26|1020|1016|1010|Sunny
17.37|78.47|494|2017|2|9|33|26|18|77|39|20|1019|1015|1009|Sunny
17.37|78.47|494|2017|2|10|33|26|19|73|40|21|1018|1014|1008|Sunny
17.37|78.47|494|2017|2|11|32|26|19|64|36|17|1018|1015|1010|Sunny
17.37|78.47|494|2017|2|12|29|23|17|77|49|33|1021|1018|1013|Sunny
17.37|78.47|494|2017|2|13|30|24|18|77|49|31|1023|1020|1014|Sunny
17.37|78.47|494|2017|2|14|31|24|17|82|48|30|1024|1021|1015|Sunny
17.37|78.47|494|2017|2|15|31|24|18|77|48|26|1024|1021|1016|Sunny
17.37|78.47|494|2017|2|16|32|24|17|82|44|24|1022|1019|1012|Sunny
17.37|78.47|494|2017|2|17|33|24|16|77|42|21|1021|1018|1011|Sunny
17.37|78.47|494|2017|2|18|33|25|17|77|40|22|1022|1018|1012|Sunny
17.37|78.47|494|2017|2|19|36|26|16|77|34|14|1021|1016|1009|Sunny
17.37|78.47|494|2017|2|20|38|27|16|77|27|9|1017|1012|1005|Sunny
17.37|78.47|494|2017|2|21|37|28|18|59|27|11|1015|1011|1005|Sunny
17.37|78.47|494|2017|2|22|37|28|19|77|36|14|1017|1013|1007|Sunny
17.37|78.47|494|2017|2|23|37|28|19|77|37|7|1019|1015|1008|Sunny
17.37|78.47|494|2017|2|24|37|28|19|55|27|10|1019|1016|1009|Sunny
17.37|78.47|494|2017|2|25|34|26|18|59|27|10|1020|1016|1008|Sunny
17.37|78.47|494|2017|2|26|35|26|16|55|24|10|1018|1014|1008|Sunny
17.37|78.47|494|2017|2|27|34|24|16|63|33|13|1019|1016|1010|Sunny
17.37|78.47|494|2017|2|28|35|27|18|72|30|11|1019|1016|1009|Sunny
17.37|78.47|494|2017|3|1|34|26|17|63|34|13|1018|1015|1009|Sunny
17.37|78.47|494|2017|3|2|35|27|18|63|30|15|1018|1014|1007|Sunny
17.37|78.47|494|2017|3|3|36|27|18|48|19|8|1015|1011|1004|Sunny
17.37|78.47|494|2017|3|4|36|27|18|52|31|15|1015|1010|1004|Sunny
17.37|78.47|494|2017|3|5|36|29|22|88|49|23|1014|1010|1003|Sunny
17.37|78.47|494|2017|3|6|35|29|22|88|58|33|1014|1010|1004|Sunny
17.37|78.47|494|2017|3|7|36|29|23|88|61|30|1013|1010|1004|Sunny
17.37|78.47|494|2017|3|8|36|29|22|91|48|15|1013|1010|1002|Sunny
17.37|78.47|494|2017|3|9|34|29|23|88|59|32|1013|1009|1003|Sunny
17.37|78.47|494|2017|3|10|36|29|23|89|40|18|1013|1009|1003|Sunny
17.37|78.47|494|2017|3|11|34|27|21|43|23|6|1016|1012|1006|Sunny
17.37|78.47|494|2017|3|12|34|26|17|59|25|15|1017|1013|1006|Sunny
17.37|78.47|494|2017|3|13|35|27|18|59|30|18|1017|1014|1007|Sunny
17.37|78.47|494|2017|3|14|34|29|23|78|52|32|1018|1014|1007|Sunny
17.37|78.47|494|2017|3|15|33|28|24|83|56|37|1018|1014|1008|Rain
17.37|78.47|494|2017|3|16|34|28|22|91|51|32|1018|1013|1007|Cloudy
17.37|78.47|494|2017|3|17|35|28|22|88|53|26|1017|1013|1007|Sunny
17.37|78.47|494|2017|3|18|36|28|19|83|33|13|1017|1013|1007|Sunny
17.37|78.47|494|2017|3|19|36|28|20|73|30|15|1018|1014|1007|Sunny
17.37|78.47|494|2017|3|20|37|29|21|73|28|14|1018|1013|1007|Sunny
17.37|78.47|494|2017|3|21|37|28|20|64|29|15|1019|1015|1008|Sunny
17.37|78.47|494|2017|3|22|37|28|19|73|32|12|1018|1014|1007|Sunny
17.37|78.47|494|2017|3|23|37|29|20|68|31|14|1017|1013|1007|Sunny
17.37|78.47|494|2017|3|24|39|31|22|68|29|15|1016|1012|1005|Sunny
17.37|78.47|494|2017|3|25|39|32|24|64|27|17|1017|1012|1005|Sunny
17.37|78.47|494|2017|3|26|39|31|23|68|34|19|1017|1014|1007|Sunny
17.37|78.47|494|2017|3|27|39|31|23|68|29|14|1018|1013|1006|Sunny
17.37|78.47|494|2017|3|28|38|31|23|69|30|16|1018|1013|1006|Sunny
17.37|78.47|494|2017|3|29|40|32|23|73|35|14|1016|1013|1005|Sunny
17.37|78.47|494|2017|3|30|41|33|26|65|33|14|1016|1013|1006|Sunny
17.37|78.47|494|2017|3|31|41|33|25|65|30|11|1017|1013|1006|Sunny
17.37|78.47|494|2017|4|1|41|34|27|51|26|10|1016|1011|1004|Sunny
17.37|78.47|494|2017|4|2|40|33|27|54|27|15|1014|1010|1003|Sunny
17.37|78.47|494|2017|4|3|39|32|26|74|43|19|1015|1012|1004|Cloudy
17.37|78.47|494|2017|4|4|39|32|24|89|53|25|1016|1012|1004|Cloudy
17.37|78.47|494|2017|4|5|39|31|24|79|52|27|1014|1011|1003|Sunny
17.37|78.47|494|2017|4|6|41|32|24|69|32|13|1014|1010|1003|Sunny
17.37|78.47|494|2017|4|7|39|33|27|74|47|21|1015|1011|1004|Cloudy
17.37|78.47|494|2017|4|8|39|32|25|65|35|18|1015|1011|1004|Sunny
17.37|78.47|494|2017|4|9|40|33|26|78|40|17|1015|1011|1003|Sunny
17.37|78.47|494|2017|4|10|41|32|24|78|34|12|1014|1010|1003|Sunny
17.37|78.47|494|2017|4|11|40|31|22|43|17|5|1014|1010|1004|Sunny
17.37|78.47|494|2017|4|12|40|30|20|49|16|5|1015|1011|1004|Sunny
17.37|78.47|494|2017|4|13|41|31|21|52|20|7|1014|1011|1004|Sunny
17.37|78.47|494|2017|4|14|40|32|24|64|28|10|1014|1009|1002|Sunny
17.37|78.47|494|2017|4|15|41|33|26|54|27|7|1012|1008|1000|Sunny
17.37|78.47|494|2017|4|16|42|34|26|38|18|5|1011|1007|1000|Sunny
17.37|78.47|494|2017|4|17|43|33|24|46|17|6|1012|1008|1001|Sunny
17.37|78.47|494|2017|4|18|42|34|26|52|24|8|1013|1009|1002|Sunny
17.37|78.47|494|2017|4|19|42|34|27|84|33|10|1013|1009|1001|Sunny
17.37|78.47|494|2017|4|20|42|34|27|54|21|7|1012|1008|1001|Sunny
17.37|78.47|494|2017|4|21|42|34|27|57|19|8|1012|1009|1001|Sunny
17.37|78.47|494|2017|4|22|41|34|27|30|19|10|1013|1009|1002|Sunny
17.37|78.47|494|2017|4|23|40|33|27|30|20|11|1014|1010|1003|Sunny
17.37|78.47|494|2017|4|24|41|33|26|35|19|11|1013|1010|1003|Sunny
17.37|78.47|494|2017|4|25|41|32|24|41|20|10|1015|1011|1003|Sunny
17.37|78.47|494|2017|4|26|41|33|26|39|19|10|1014|1011|1004|Sunny
17.37|78.47|494|2017|4|27|41|34|28|35|20|10|1014|1011|1003|Sunny
17.37|78.47|494|2017|4|28|41|34|27|48|29|12|1015|1011|1003|Cloudy
17.37|78.47|494|2017|4|29|39|32|26|42|26|14|1015|1012|1004|Cloudy
17.37|78.47|494|2017|4|30|38|30|22|67|29|12|1015|1011|1004|Cloudy
17.37|78.47|494|2017|5|1|39|32|26|48|28|13|1015|1011|1004|Sunny
17.37|78.47|494|2017|5|2|38|32|25|50|34|20|1016|1012|1005|Sunny
17.37|78.47|494|2017|5|3|38|32|27|61|35|17|1016|1012|1005|Sunny
17.37|78.47|494|2017|5|4|39|33|27|56|30|19|1016|1012|1005|Sunny
17.37|78.47|494|2017|5|5|41|34|28|48|27|14|1015|1011|1003|Sunny
17.37|78.47|494|2017|5|6|40|34|29|48|32|20|1016|1012|1004|Cloudy
17.37|78.47|494|2017|5|7|37|32|26|79|46|26|1018|1013|1004|Cloudy
17.37|78.47|494|2017|5|8|40|33|26|61|32|17|1015|1011|1002|Cloudy
17.37|78.47|494|2017|5|9|41|33|20|99|36|16|1013|1010|1003|Cloudy
17.37|78.47|494|2017|5|10|36|28|19|81|45|31|1014|1010|1004|Cloudy
17.37|78.47|494|2017|5|11|37|31|26|65|40|26|1015|1011|1004|Sunny
17.37|78.47|494|2017|5|12|38|32|27|74|42|23|1015|1011|1003|Sunny
17.37|78.47|494|2017|5|13|40|33|27|70|39|22|1013|1009|1002|Sunny
17.37|78.47|494|2017|5|14|42|36|29|58|32|21|1012|1007|999|Sunny
17.37|78.47|494|2017|5|15|39|33|28|62|44|23|1011|1007|999|Sunny
17.37|78.47|494|2017|5|16|42|36|28|55|31|16|1009|1006|998|Sunny
17.37|78.47|494|2017|5|17|39|34|29|45|31|19|1010|1007|1001|Sunny
17.37|78.47|494|2017|5|18|42|36|28|36|25|14|1010|1007|1000|Sunny
17.37|78.47|494|2017|5|19|42|36|29|42|23|12|1012|1008|1001|Cloudy
17.37|78.47|494|2017|5|20|42|36|28|39|24|13|1012|1007|998|Cloudy
17.37|78.47|494|2017|5|21|42|36|29|40|22|14|1010|1006|999|Sunny
17.37|78.47|494|2017|5|22|42|35|28|51|28|12|1010|1007|999|Sunny
17.37|78.47|494|2017|5|23|42|36|29|45|26|14|1011|1007|999|Sunny
17.37|78.47|494|2017|5|24|43|36|29|48|23|12|1010|1006|997|Sunny
17.37|78.47|494|2017|5|25|43|36|29|59|30|14|1009|1006|997|Cloudy
17.37|78.47|494|2017|5|26|42|36|29|74|35|7|1008|1005|997|Sunny
17.37|78.47|494|2017|5|27|41|33|25|70|42|6|1008|1005|997|Cloudy
17.37|78.47|494|2017|5|28|40|32|25|66|42|25|1010|1005|997|Cloudy
17.37|78.47|494|2017|5|29|39|31|23|83|43|22|1008|1004|997|Sunny
17.37|78.47|494|2017|5|30|38|32|27|58|42|27|1008|1004|997|Sunny
17.37|78.47|494|2017|5|31|39|33|27|66|40|24|1008|1004|998|Sunny
17.37|78.47|494|2017|6|1|39|33|27|65|40|23|1009|1005|998|Sunny
17.37|78.47|494|2017|6|2|40|34|29|94|41|22|1010|1006|1000|Sunny
17.37|78.47|494|2017|6|3|40|34|29|65|42|25|1011|1007|999|Cloudy
17.37|78.47|494|2017|6|4|37|32|26|79|55|38|1011|1008|1001|Sunny
17.37|78.47|494|2017|6|5|39|33|27|66|48|30|1010|1007|1001|Sunny
17.37|78.47|494|2017|6|6|37|30|23|78|57|30|1012|1008|1002|Cloudy
17.37|78.47|494|2017|6|7|33|29|24|74|58|38|1013|1009|1002|Sunny
17.37|78.47|494|2017|6|8|32|26|20|100|72|50|1012|1008|1001|Cloudy
17.37|78.47|494|2017|6|9|35|29|24|83|70|40|1009|1006|1000|Cloudy
17.37|78.47|494|2017|6|10|34|29|24|83|66|44|1009|1006|1000|Cloudy
17.37|78.47|494|2017|6|11|32|28|25|89|70|51|1008|1005|999|Cloudy
17.37|78.47|494|2017|6|12|32|28|23|89|76|51|1008|1006|1000|Rain
17.37|78.47|494|2017|6|13|29|26|23|100|87|66|1008|1006|1002|Rain
17.37|78.47|494|2017|6|14|31|27|22|94|74|59|1010|1008|1003|Sunny
17.37|78.47|494|2017|6|15|33|28|24|94|82|63|1011|1008|1004|Cloudy
17.37|78.47|494|2017|6|16|31|27|23|89|77|62|1011|1008|1003|Rain
17.37|78.47|494|2017|6|17|33|28|23|89|74|56|1011|1008|1002|Sunny
17.37|78.47|494|2017|6|18|33|28|24|89|77|50|1010|1007|1001|Cloudy
17.37|78.47|494|2017|6|19|27|25|23|100|90|83|1010|1007|1002|Cloudy
17.37|78.47|494|2017|6|20|32|28|23|89|72|54|1011|1007|1000|Sunny
17.37|78.47|494|2017|6|21|34|29|23|89|64|46|1011|1007|1001|Sunny
17.37|78.47|494|2017|6|22|35|29|24|97|66|40|1010|1008|1001|Rain
17.37|78.47|494|2017|6|23|31|27|23|91|79|70|1010|1008|1002|Rain
17.37|78.47|494|2017|6|24|34|28|23|92|69|42|1007|1004|998|Sunny
17.37|78.47|494|2017|6|25|32|28|24|94|69|47|1006|1003|998|Cloudy
17.37|78.47|494|2017|6|26|30|27|23|94|82|58|1007|1005|1000|Cloudy
17.37|78.47|494|2017|6|27|32|28|23|94|73|51|1008|1006|999|Rain
17.37|78.47|494|2017|6|28|28|25|22|96|84|70|1009|1007|1002|Rain
17.37|78.47|494|2017|6|29|32|28|23|83|73|55|1010|1007|1000|Rain
17.37|78.47|494|2017|6|30|33|28|23|94|66|44|1008|1005|998|Sunny